19851
17236
26250
32119
25089
14044
13594
23900
37483
18815
20441
22401
37091
20709
24855
30639
30695
13329
17169
22342
19349
9937
9819
16423
14093
9584
9830
13963
21008
13660
16224
26541
44939
15232
17688
28659
20866
10984
9523
17517
18719
11547
9643
19284
21213
10315
9606
23562
35783
19758
16324
34556
28685
14525
12075
24376
26630
14671
20139
17879
31339
18729
19139
26873
31786
20209
18081
24057
13738
12281
7725
13485
18015
12207
12430
15415
18472
16448
13534
22593
22491
12182
15294
18700
10671
6570
7063
10607
9978
7775
6102
10564
12850
8700
12817
18138
16357
8622
9277
14227
10675
8408
6020
11656
9413
7382
6094
11261
13878
9317
10549
16801
18212
12701
9591
19818
17478
10345
8660
17810
16585
11031
14843
15925
22366
19587
15975
24574
48575
26059
35986
31181
16440
14280
12650
15826
20438
13220
13966
17292
29627
11063
26256
29159
23154
12668
18148
18626
12143
9834
9039
11093
9937
7895
8809
10977
17282
12023
18170
16982
20029
8226
14970
14915
12524
6661
10749
11596
8918
5753
7495
9311
21195
10729
17767
19666
23418
11794
15092
22504
15612
7402
7835
14111
11163
7128
9133
11177
23284
15908
17949
24574
38039
17506
14502
30943
22224
14856
10582
21527
15990
9725
7558
15603
24920
21228
18993
30569
31226
16104
18815
28025
19622
8907
9910
17058
12658
9432
8087
13809
19674
13763
17686
29368
31559
13832
11226
25459
15672
9801
7933
18795
20471
14488
11385
20889
17068
10831
9193
21712
31963
17074
15192
28878
24495
12899
10828
23145
23014
13586
12163
17166
29742
17868
17889
26873
31350
19967
21133
25680
26996
15372
14919
22732
20893
15416
13596
15855
23480
16181
17032
22200
15458
8043
9891
12082
22101
9019
10635
15859
9886
6914
6928
8251
12120
7194
10245
14552
22568
10082
10652
17715
20189
8747
9804
13453
14414
9222
7502
15113
16297
8605
9497
20306
18028
11844
10000
19695
28586
11674
13605
20534
15335
9643
13112
11330
22674
13942
15583
21712
20718
16279
15301
18739
11453
11835
8472
11993
17628
12291
8311
16278
14553
16431
11482
21414
12037
8067
9335
11641
8078
3657
5577
7060
6740
6682
5732
7500
8379
7104
9646
10552
10689
6323
5967
9312
9214
8158
5500
8830
7913
5139
5060
4884
9701
8179
8558
11620
11120
9215
5718
9734
10504
7030
6612
11469
15281
11764
8453
12977
12979
15734
13135
19666
15974
11864
14661
14641
9693
7994
8285
8962
10329
7816
7317
8819
15160
7754
13270
15088
11311
6539
9157
10361
12304
6159
9555
9322
6965
6578
6009
4345
8557
7313
10842
12880
11592
4897
6523
8949
11133
4849
9133
8135
6415
5326
4644
7141
12251
7566
10816
11620
14417
8258
9263
13738
12954
7041
8501
11046
11114
8741
9101
9724
14043
13360
13817
16801
21852
10204
8953
16509
17357
10269
9148
15244
10609
6192
4818
6741
13922
13394
12479
18897
17744
9508
11565
16027
13268
6275
7063
12894
8998
6535
6465
10954
13292
8245
12694
21801
20361
10107
8973
18170
13299
7787
7675
18290
18401
12127
8219
20884
14987
8543
9088
20306
18918
14221
12430
19340
27144
14525
14184
29529
18317
12226
12219
15642
26190
14724
17240
23562
43053
24579
30521
37524
26545
16392
16947
28754
40465
24462
21302
30327
26281
17090
20503
28195
16269
8493
9223
13832
16313
10589
9654
16147
13750
8161
10316
9792
11774
7926
10712
18279
22899
8576
9120
18867
15707
6963
7818
13285
15127
7964
7092
11736
14672
7923
8443
21801
27001
16409
12420
25934
15275
7708
10316
11074
26995
16942
19238
19828
22662
15793
19234
29368
21518
14580
14674
20519
12192
10153
7730
11690
19044
12927
12148
14374
14744
13760
9662
20484
13276
7287
9316
13152
8890
7700
6809
8891
10104
8825
7190
8169
7672
6710
8652
12886
10444
6179
5503
10586
9603
8028
7682
7980
8089
8024
5824
9148
9775
7585
8362
12880
16863
9628
6836
15447
12751
8423
8360
14173
19429
14603
15620
15585
11277
12692
10870
16982
18961
14662
16153
15875
10720
4994
7986
9472
16671
8403
10618
11007
15348
6615
12904
16561
13382
8005
9129
11395
9524
5319
9066
4531
11647
7739
9285
9130
9356
7790
10311
12886
8846
4373
5886
7363
8024
4063
6778
6584
6780
5778
3478
6058
9501
5785
8713
10552
23758
9840
11200
17849
14316
4960
9371
14239
18862
11253
12071
14337
15244
13583
14551
18138
23857
14121
11206
20864
15594
10726
8721
11635
15315
9050
7134
13505
16582
15182
13680
23863
16670
9053
9894
15193
11137
5666
5610
10658
8903
6368
7338
9561
11641
8177
12231
18279
13189
6524
5892
12481
8700
5875
4842
11285
10846
6623
6819
12643
10017
6601
6449
14552
23758
14655
12693
21441
22037
13832
12090
24269
19863
12313
12207
18747
22654
15508
17800
26541
37735
20354
25863
29938
22569
14122
11476
19705
15772
10299
11022
15072
30769
18165
20941
26386
22856
12326
14323
18937
22612
10752
10626
18510
13678
8558
8810
11571
17962
12507
15027
23863
19939
8765
10297
15905
15258
7930
6875
14166
9350
4691
5018
9864
17592
9197
10369
18897
27365
14182
12968
23292
29894
15633
13597
25281
20933
12030
13749
16161
29168
19926
19224
30569
28935
18773
16028
25262
12402
13848
8618
12845
16686
13170
13544
14720
19366
21172
15397
27150
18377
11318
15435
18049
10024
6130
5915
8328
7804
7134
6778
8890
10687
10227
13149
16561
14185
8658
6763
9649
9114
8031
5587
10409
6885
6764
4768
9868
11121
9496
8053
15088
15620
11907
7402
16195
15072
11532
8375
17541
16257
12576
14159
15026
18308
23121
16473
29159
32862
16927
22862
23708
14665
10746
8934
14000
11169
8378
7828
12845
22882
10064
22945
27150
17636
9824
14343
11179
12904
6617
8313
10386
7944
6351
6836
9533
14581
10468
16511
20484
22501
9522
11011
17848
16747
6230
10468
15953
10431
6770
6413
12173
20811
10855
18005
21414
17463
10726
11613
18186
15663
7249
7580
13175
9275
6207
7956
9481
19980
14684
16653
22593
36484
15591
12599
25835
18469
12150
8358
18075
15424
9517
7316
12726
20372
16262
14679
26386
23732
11520
14194
22160
15151
7273
7572
14868
9990
7481
6469
12678
15524
10351
13837
28195
25467
11802
10776
23342
15583
8254
7353
18654
12453
7963
7459
16046
15265
9323
8918
22200
28823
16448
16014
28123
26784
12099
9846
26850
21225
11285
11786
17409
29956
18008
17479
30639
25623
15899
17904
21055
17939
10743
10197
16491
21769
11676
12522
14972
18983
13606
15689
17409
24056
13161
14280
18437
14502
8585
8347
13371
12678
9079
9330
12929
13687
10362
12957
18747
23350
10366
10328
16356
13938
8387
8173
14335
12341
9559
6705
14073
12850
7810
7955
15642
17373
13644
10901
18642
16374
9123
8036
14656
15168
9953
12146
11859
15377
11623
11540
17166
13173
10119
9282
11006
6513
6880
4116
6063
9502
6438
7394
7100
8177
8936
6643
9481
16606
12803
14171
16959
8453
4764
5420
8187
9230
7171
5802
9259
9595
7080
10338
14337
8390
6044
5291
8450
5283
5304
3480
7123
5378
5238
3620
7262
5853
5035
3217
9724
9919
7516
5860
9968
7414
4861
4211
7008
9330
6395
7614
7524
8815
9383
8243
11177
18931
12786
18131
14120
9094
7907
7073
8573
10520
6915
7243
8601
14094
7081
13101
15026
16635
11007
16069
13443
8369
4994
5664
7859
7498
7445
6492
9064
9647
6088
5385
15585
14945
6755
10468
10137
8208
5265
6975
8345
6538
5304
4364
8285
13114
7817
10791
12977
13201
9777
10343
12968
8770
4663
4848
7660
8348
5883
6601
7524
13190
11782
12027
15925
14401
9738
8730
14253
10214
8624
6666
10558
8925
6287
4864
9096
11458
12348
9610
16161
24889
15009
13773
22389
11633
6813
6397
10419
12935
8799
7798
11463
12254
9226
11774
19828
14699
8472
6416
13007
7556
6209
5344
9693
12487
8864
7084
10910
8415
6775
4959
11330
18423
12559
11124
17142
14096
8964
7623
13363
15887
10139
8504
11859
16321
12082
12522
17879
19494
15697
15586
17522
21207
12459
11958
16458
17683
12207
11097
13119
18291
14430
12838
16046
12685
7516
7850
10490
23636
8070
10207
13971
11346
7281
8465
8801
10664
7597
9248
12643
21653
11727
11087
17712
22208
9698
11132
12939
9971
6150
5619
8856
18076
10668
10889
20884
13937
10627
8744
14368
26273
11691
11901
19662
13076
8884
6939
10910
20232
15544
14420
20889
9893
9224
8209
9661
7349
5703
5489
6597
11311
7807
6155
7447
10566
9660
8317
12173
7766
5301
6010
7534
4194
1288
3115
3439
5342
4284
4191
4196
4177
4097
4942
6058
8031
4931
3248
6001
7512
5637
5015
6445
6592
6234
1945
5353
6029
5593
5053
7141
8611
5037
3837
5779
8595
4878
5340
7339
12736
7717
6163
8285
8514
8487
8237
9311
10603
8825
13235
8721
8520
6120
6374
7011
7089
5740
6457
6299
10953
5498
10732
9868
8717
5814
7509
7913
12004
6339
9663
8878
7854
7025
2064
5797
6856
5017
8156
9148
9361
4929
5813
7162
7703
4690
6462
5537
5120
5092
3947
5353
5223
3439
4652
4884
10334
6474
7443
9519
12249
5802
7229
9539
9352
5926
7305
7262
11557
8896
10539
11261
14120
7453
7026
10105
13207
6748
6579
10039
7200
4266
2852
6018
8197
7205
6864
9864
10295
5642
6206
8836
8665
4071
4519
9139
6577
5126
5459
6857
9192
5579
7688
11736
16781
9172
7881
15928
14144
8014
8017
16844
9879
6512
6016
8856
13797
7629
8163
15113
10221
8588
6380
11569
22180
11030
12451
20733
16188
10623
10179
14073
23146
12976
13951
19284
13410
9271
8901
13484
13369
7900
8526
12644
19074
11181
9527
12427
14198
9966
10033
12678
10754
6132
5893
9148
11277
5633
6796
9046
12478
7626
6893
7307
6884
4861
6040
9561
12111
5579
5210
9996
11139
5104
6133
8077
8917
5804
4462
6857
8884
5288
5215
10954
14131
9737
8536
14325
10550
7354
4909
8918
15088
9221
9204
11463
11569
8411
9969
13809
9165
7552
6810
8923
5966
5570
3952
4772
9577
7635
6943
6710
7862
9016
5892
9533
9938
7319
9420
10332
6364
4209
5213
5917
9182
8627
6850
8214
4643
4788
6346
9130
6110
4219
3408
6514
5616
6223
3559
7314
4910
6200
3768
5797
3006
3108
2562
4345
7091
5574
3333
7411
9336
5075
5876
8020
11210
8732
9461
9064
8275
10171
9180
10977
10179
9312
9263
9003
6008
2730
5242
4429
7399
4274
4109
5377
9189
5317
7781
8890
10713
6979
7376
8652
6383
3959
4035
6351
10161
7493
8399
8214
5662
5668
6656
8169
6612
3457
3616
5756
6383
3434
5814
5279
4437
3743
2156
4196
6071
5057
5188
7500
12858
7090
7102
10555
11723
3249
7017
8171
11452
7162
6992
9259
9522
8816
9156
10564
12030
8170
7401
10549
8720
5978
3168
8207
8741
5784
4740
7570
6865
8243
7057
11571
10200
6081
6945
8670
7387
3579
4783
7029
7477
5910
4873
7307
6044
4465
6798
9792
9719
5857
4437
9047
6713
5247
4235
8760
7075
5221
4292
8801
6593
4833
4152
8251
11034
8510
6651
11139
15219
8677
8936
14818
14687
9612
9160
12929
14811
10448
11323
13963
18204
11526
16584
15608
11219
6512
6206
10276
9052
5265
6467
8918
14562
8248
12294
12726
15746
8923
11007
12734
13032
5573
6705
11058
9571
6022
6224
7570
12389
7210
10636
13505
10828
5502
6889
8115
7872
3325
3365
6473
5333
2378
3020
6018
7287
2749
4882
6741
13989
8697
7515
13267
16898
7023
8315
13148
12917
7082
8405
9096
17393
10673
12386
15603
12928
9992
10819
12547
5875
8399
5436
6729
8930
7773
8186
7585
10477
12333
7593
12845
9513
7291
9506
10377
5300
3939
3963
4770
4983
4739
5246
5377
6695
7044
9541
11007
7931
6016
1729
7926
5048
5334
4382
5834
4292
5278
2852
6299
7273
7551
6699
8819
9280
8112
5764
9411
6306
5877
4389
7915
9278
8302
8660
8601
8826
16085
10637
17292
16538
12573
15691
14678
8160
8745
7350
7904
7068
6528
6532
7585
15645
8275
15530
14720
12575
8365
5710
12112
8457
4964
6977
6349
6194
5911
5999
6710
10385
9348
16460
14374
17776
8667
10004
13710
10897
5906
9872
9776
7614
5561
4503
7447
16583
10772
16884
16278
13301
9050
10764
11733
9097
5304
5032
7489
7790
6091
6051
7100
13396
12125
13767
15415
18936
11207
7101
14586
12238
11398
8073
11025
11597
8362
6458
8918
12486
13535
10113
15072
22445
14478
14351
22278
15284
8253
8418
14109
11994
9035
9140
12427
15155
14546
16959
30327
16554
10674
8534
16415
10491
8027
6012
13237
10764
8203
6490
13119
11809
9229
7364
15855
21396
14572
13587
20914
15870
8805
7222
18097
17465
10564
9919
14972
16979
11963
13352
22401
35581
18930
19090
27601
22125
12156
11289
21011
26355
16533
13631
18097
24873
19480
18912
26850
23299
11710
13241
17814
19410
8510
8638
15823
12986
10158
9016
14818
15156
12819
13876
24269
41828
16987
17984
30161
22613
11182
10542
20924
16525
12339
8670
20733
22126
14030
11302
29529
18520
16430
9764
23716
17898
10998
8119
17509
14355
10844
14299
13363
20325
11448
12987
23145
14003
10493
9714
10989
7583
6671
4500
7346
9022
7079
6362
7489
9564
9480
7937
13175
14215
8557
10465
11941
8760
3971
5932
9474
6899
5969
4452
8171
8048
6084
8985
14239
11630
7503
6591
10807
6925
5377
3900
8498
6987
6653
4800
9539
7216
3498
5338
11046
6948
7915
3606
10734
8165
4980
4276
8465
7979
6436
8643
7660
13837
13058
9323
14111
19629
12474
17115
15185
8262
5033
4632
8569
8395
5682
5789
7915
14279
7168
11661
17541
13575
7231
10523
10870
8109
2213
4896
7877
5461
5766
4586
8020
9047
2864
6484
14173
14252
6304
8921
11077
7065
3798
4457
7816
5314
4127
4088
7339
10092
5213
7421
11469
9760
8555
6661
14303
8372
4385
4106
8465
5910
4657
6522
7008
14679
12382
11161
17810
26454
15309
14037
21993
16056
10857
8016
17250
12759
8870
5965
13148
15243
12303
13336
25281
13422
8131
8464
12094
8804
3810
4791
8099
9350
7660
5557
8918
5940
5299
6259
11074
26340
12124
10865
23630
15080
8540
7964
17553
14531
10267
7892
19662
15481
9117
7950
20534
16504
12925
8052
20299
17733
9238
8637
17509
17906
12753
12019
14656
25795
16708
13613
24376
19361
13159
13644
18052
19419
10462
9453
15831
15735
11733
9876
13237
17778
14455
13889
18654
12523
5905
8711
8504
18439
6573
8005
13388
9651
5979
6148
8760
9563
5552
7973
11285
21654
11175
10428
17522
23880
9450
10723
14588
13888
8703
8259
16844
15914
7959
8404
18290
11896
9966
7433
15120
20743
9432
8964
17553
9971
3765
9489
9693
19066
11837
12348
18795
10582
8501
9025
9584
6931
7133
5161
6955
9939
9400
5731
9776
10898
10329
8992
15953
6947
5094
6311
6832
5373
2914
4359
6377
4020
4444
4102
5279
3930
4573
5513
6584
8746
5506
5153
7450
7485
7802
5372
8238
7228
4006
5934
5537
6441
6053
5526
8135
4932
5025
2657
5522
7042
5104
4772
7816
9051
6407
5852
8345
8810
10008
9929
11596
8854
7597
9307
8464
6499
5383
5778
5770
5684
5115
4650
5834
10050
6231
9285
10409
8800
5626
6674
7982
9555
5716
8951
9178
7282
5644
7676
7314
4689
5219
6892
7980
8023
4098
5002
7301
8882
5762
8028
8238
5204
4682
3360
6445
8287
5690
6370
8830
9223
6398
6041
9665
9780
5113
6298
8498
8563
5827
6662
7123
10273
8879
8783
11656
19077
9524
9434
12939
12259
7323
6189
11171
7884
3339
4044
6473
9103
9924
8130
14166
10217
5072
7194
8014
8057
3564
4309
8907
5481
4934
4638
8077
7222
5016
7044
13285
15867
7781
6720
13407
9973
6304
6923
14588
11469
9157
6289
12939
10714
6456
6081
13453
9522
8448
5562
12024
19234
10135
10535
20924
13478
10649
10236
14335
21737
13434
11771
17517
16608
10507
9407
16414
16104
7870
7944
16753
18163
11679
8358
14109
14999
9401
9734
14868
10666
5423
5364
8637
6291
2576
3369
5101
8083
5431
5349
7029
6925
4847
5234
10658
17178
7459
7930
13638
11183
4671
5056
8907
11854
5818
5214
9139
10288
5347
5758
12894
12948
9354
6884
16138
9753
2436
6520
8099
11538
8093
9316
10419
13968
9999
9600
17058
9654
7291
6795
9485
6674
5020
3909
6239
8268
6618
5011
6349
7149
8377
5762
10386
8055
5344
6271
7488
4617
2491
4235
4315
7679
7445
5187
6351
1973
2844
3116
4531
8693
5917
4477
9372
6847
2957
5407
9178
5870
8147
4787
8878
5994
5079
4512
9322
6300
5642
2705
8210
7333
4697
4106
7877
8210
6835
7173
7859
7960
9306
7558
11093
8032
6696
6902
7653
4838
2157
2956
5002
6071
3910
3698
4770
7095
3424
6015
8328
8039
3928
5220
6871
4522
1130
4144
4315
6767
5008
5118
5917
4733
2148
4827
8891
6166
2929
3833
6095
4715
2666
3521
6377
3523
2545
1085
3439
5460
2815
3938
7060
8760
5183
5086
10096
8977
2616
4877
9474
8633
5232
6065
8187
10238
7288
7547
10607
21330
11682
12427
17391
11177
3291
5332
12106
10891
7361
5609
11058
9640
10430
8934
18510
12754
6371
8430
11141
5664
2102
3317
5101
7757
6130
5315
9046
8039
4977
8193
16147
16083
8470
7561
15543
10544
5349
5791
13388
10616
7238
4703
13971
11797
7077
6618
15859
10962
8915
5980
14836
13220
7367
7025
15823
12834
8851
9704
13371
16137
10522
9429
16423
19909
13699
15610
18218
14944
9643
7718
14656
11453
7337
7051
11025
18653
13077
14237
18075
14883
8289
9981
11841
15712
6264
7675
12106
9072
6399
6255
8207
9323
5934
9930
11635
17671
7754
9027
13714
12495
6387
5407
11171
7784
4502
4205
10039
13307
7887
7300
15244
16139
9501
8128
16044
18995
9080
8219
17250
12686
8319
9432
10558
19323
15153
13356
21527
12292
10315
9210
12784
6253
7867
5009
6511
8705
7319
6719
7904
11112
11455
8306
14000
8320
6485
7872
9995
5655
3120
3237
5002
4011
3838
4043
4429
4823
6464
6914
9472
8374
2597
4796
8837
5001
5442
3872
5770
4844
5671
4005
7011
6799
6457
5129
8962
7371
6783
4289
8613
7026
6384
4346
8569
8700
8478
8308
8573
9720
13520
9626
15826
12232
8588
11831
10952
6829
5630
5221
6511
5607
4490
4899
6729
12830
6345
12563
12845
8326
2831
7969
8385
7909
3236
5369
6239
4449
3997
4556
4772
7507
5478
9698
11690
11041
5479
6443
9032
7405
3433
5347
6955
6723
4349
4042
6597
11159
6524
10475
11993
9994
6863
7150
10232
8177
4500
4443
7346
6003
4603
5760
6063
11024
8834
10769
13485
25343
12842
10868
19607
14537
11756
7267
14656
12210
8921
6498
10276
13025
14260
9681
19705
19667
11095
13344
19208
16053
7227
8004
16753
11360
8165
8076
12644
12676
11410
13280
28754
20912
10580
8780
19972
13964
7980
6618
15831
11557
7992
6481
16458
14726
9755
8541
22732
18367
14295
10871
20070
19060
9599
7487
21011
18392
11220
11209
16491
22088
16384
15060
23900
35525
18454
17469
31118
19868
14440
11170
20070
30943
16365
16829
20914
23031
18739
17653
28123
19674
12059
11935
19047
17400
10258
8778
14836
12863
8376
8799
11139
13384
10673
11173
21441
20917
8500
8931
14626
13036
7806
6470
12024
13799
6670
7054
11569
14023
9445
8397
19340
31199
17367
15728
29502
23218
13400
9683
20299
22326
12766
14716
17142
20654
15023
13141
28878
20934
14199
11573
17403
11829
11297
6401
10232
15418
10136
9668
11733
13379
14795
9784
18186
18946
12812
14746
18669
11607
6103
6607
10096
9667
7915
5785
10555
10643
7761
11261
17849
12221
8343
7046
11586
8429
6884
4439
9665
8098
6432
5105
9519
7176
6913
5911
13738
14739
11209
7215
16358
14182
9119
7156
14303
14842
10581
11724
12968
16756
17268
12777
22504
19073
12488
14625
15840
9007
7637
5958
8613
11279
6837
7933
9411
16001
6031
13103
16195
12042
8838
10323
13167
9274
5865
5881
8210
6990
5584
5875
7411
9215
7730
8932
15447
8085
4222
7938
7418
5542
3050
4056
5522
5039
3043
3828
5779
9374
5304
7719
9734
17391
9304
10986
16358
11354
7010
6016
10734
10972
6833
6791
9968
15052
11627
12197
19818
27381
14186
12409
25598
15414
9460
6865
16044
14423
7921
6309
13267
12403
12633
11307
23292
27127
14636
15329
23940
17798
8824
8426
16138
13544
9043
7612
14325
16053
11118
13058
25934
22221
11541
9388
20604
13281
7654
6672
15120
14910
9295
7652
14368
13136
8871
7876
19695
26838
16227
12625
29502
25182
13723
10603
23716
25479
13665
12059
18642
24421
19185
17548
34556
29422
19972
22987
25942
26855
14582
15740
19972
23214
13806
15499
16415
29484
18346
20088
23342
13368
7863
10065
10660
24343
9502
12961
15543
11879
8313
8150
9047
12467
7990
11644
12481
20600
10092
9759
16673
21982
9552
11199
13407
16462
9322
8973
15928
17079
8526
10395
18170
19959
12407
11930
20604
32070
13045
16344
23630
16615
9999
14514
13007
24158
15307
18117
25459
16276
11641
11862
13219
9789
9913
7457
9032
18152
11551
8871
13710
14392
13373
11024
17848
10868
6741
8302
10173
7322
3046
4815
6095
6345
5060
4516
5756
5624
4872
7003
7363
8908
5135
4671
6972
9067
6252
5498
7301
5934
6590
5519
7162
8083
6808
7336
8949
9597
6445
4996
7418
11524
7341
7636
11077
16073
9688
8762
10137
11900
12791
11821
14915
14485
12319
15465
11716
12095
9321
11195
8837
9721
7483
7477
7926
12321
7270
10755
9649
9015
5554
8503
8428
13324
7109
10572
9372
6742
6352
7063
6514
8307
6431
10651
10586
7865
4311
5161
6972
10583
5199
9189
7450
5762
4081
4186
6001
10322
6582
10835
9312
12779
6818
9078
11586
13631
7284
10170
10807
10435
6745
8141
8450
13046
10865
13133
14227
20562
9982
8813
15559
16869
9598
8529
13714
7806
5443
4905
8115
13760
11273
10392
15905
12346
7426
8826
11657
13516
5854
7172
13638
7542
5788
5830
9996
12269
8012
11501
18867
17480
9727
8133
16673
14589
8510
8570
17522
16766
9730
8414
17712
14244
7990
9357
17715
13313
11247
9837
14626
29703
15965
15472
30161
18909
11829
12679
16356
30881
17568
18996
28659
31485
18538
20213
27607
18010
12300
12895
19208
30680
18141
15662
22278
22060
14046
16100
22160
14949
8855
10231
13352
13382
8801
9728
11141
12726
8120
8663
8670
11240
7810
10634
15193
14405
5664
6637
11657
11751
5749
7451
8014
10406
5652
5414
8836
12105
6649
8473
16027
23780
14730
13230
23940
11135
9135
9850
12094
27903
17366
18533
22389
21093
15147
18826
28025
15990
11728
11441
15160
8799
9432
6011
8385
16026
11415
11655
12112
8714
9770
5347
11179
11474
7682
9309
12168
6599
4260
5350
6871
9466
7517
6333
8652
6361
5771
8148
11395
8008
4831
5049
8428
6062
6262
5724
7982
7255
6318
5192
7913
8396
6664
6885
10361
14090
8860
6488
13167
11639
7854
7353
10870
16999
13256
13401
13443
11486
15346
13193
18626
22003
15526
18975
16437
11039
5504
8630
9995
13413
7510
7297
10377
16022
7744
14823
18049
16314
9675
11959
12168
6356
4497
6841
7488
11768
7358
9186
10332
12714
8122
12188
13152
11207
5674
5821
10173
7296
3583
6824
6832
6813
4813
3137
7534
11833
7070
10173
11641
21653
11097
11371
18669
14267
4839
9246
11941
19213
11291
13677
16959
15181
14941
15060
18700
17708
10724
8708
16782
11147
9480
8457
11841
14199
8373
7114
12734
12901
12867
11448
18937
14664
8565
10077
13352
9517
4754
5405
8637
9081
6282
6693
9148
9168
7052
10113
13832
10194
5687
4401
10660
6744
5246
4538
8504
9249
5669
6414
10490
8793
5900
6463
12082
19609
12314
11624
19047
17152
12828
10616
17814
21014
12814
12982
18437
18292
14005
16411
22342
36704
19197
27772
30101
20788
11459
11068
19607
15864
9417
10065
14586
28507
14678
20805
25835
20514
11288
14664
16782
20566
8205
10150
17391
12069
7218
7357
10549
17798
10236
15146
20864
19599
7588
10106
15559
14856
6422
6059
12939
9196
3937
5286
10105
15916
6188
9215
16509
24731
14983
13177
25598
26644
11354
11580
21993
20954
10299
13220
14253
29109
17087
19125
30943
25292
17006
16695
22598
11123
12359
8272
10952
16071
12767
12508
14678
17592
19893
13174
23708
16746
9592
14413
16437
9142
5603
5435
7653
6574
6349
6524
9003
9472
10534
13120
15875
11149
7522
6381
11716
8135
7534
6019
8464
6089
5845
4675
8721
11609
10380
10244
14641
15236
11807
8209
15840
12784
10743
7298
15185
15495
11169
13769
14120
18657
24224
18006
31181
26304
17341
25556
22598
15342
12239
12140
12784
12439
10089
9633
12547
27933
10754
27310
25262
15788
9861
15806
15160
12892
6796
8745
9485
8209
6849
7617
8923
14196
12200
17863
20519
15178
6802
9266
13219
10908
5144
8273
9584
9788
5577
5931
9661
16489
10293
16083
18739
17329
10572
13538
17403
13116
7219
7560
10989
10068
7500
8390
11006
18525
16186
20123
24057
35533
18395
13621
30101
18767
16252
9942
18218
19147
12167
8916
15608
23594
18993
15021
29938
25057
14941
17923
27607
17403
8145
8534
16414
10894
8315
8016
13484
18890
15208
18494
37524
26335
12604
10952
25942
14976
9158
7632
18052
14283
8460
7871
17522
17892
11129
10986
25680
31629
18134
17539
31118
26259
14526
9957
27601
24200
12938
13231
21055
34987
24406
21782
32119
20203
18765
20363
21782
16437
14776
11572
15060
22552
14922
13334
13352
19608
19244
15094
17479
20386
12072
13721
16411
14669
8706
7359
9429
11021
9398
8919
11323
9976
15401
14135
17800
28509
13874
13767
18996
13925
9995
8750
11771
11461
10906
6662
13951
14283
12396
9001
17240
20365
17508
9887
17548
17169
13609
9418
13613
17438
13430
15261
12522
13510
16541
13766
17889
24247
24455
17618
20123
10853
18344
8995
10769
15190
15332
12458
13767
14030
22197
12367
16653
16429
11439
13503
15060
9996
6517
6857
7547
8149
9219
6525
9156
6796
10190
13223
14551
14241
9795
8591
13133
8458
10792
6463
8783
7385
10802
5841
10539
10644
11797
10130
13817
13608
14501
6168
12197
10535
9499
7510
11161
13805
13570
15166
12027
10324
22652
12206
17949
24467
20042
24278
18006
9396
13989
9436
9626
12233
11698
8233
10637
15470
12253
15580
16473
15888
9957
13240
13193
9982
7737
8409
7558
7248
10041
7435
9180
9035
11746
17048
10870
15322
9674
9719
11821
9731
9225
10314
9929
5437
8428
4565
8237
12700
11965
13262
13135
13958
11270
8641
12777
8994
8068
7112
9323
8438
8867
8682
8243
11452
18771
12206
15975
22616
17279
11706
19125
13161
17757
11104
13356
12937
13223
7470
12386
15364
22012
13244
19224
20096
12172
14704
18826
13766
7589
6930
9600
9412
9336
7585
9969
8457
15200
14443
19234
19926
12263
9367
18117
11111
10145
8020
12348
12673
12601
8175
14420
12106
11341
7359
15583
19255
14036
10243
13141
14527
11061
8928
12987
15732
13195
10281
11540
13505
19520
13766
19139
13548
10429
10014
10986
11552
9245
7765
8541
11313
9328
8816
7364
9639
9814
8594
8918
7813
4584
5698
6463
10707
5564
5493
6618
5041
4269
4196
4152
5132
5245
5603
6449
11633
7135
6041
9357
10055
5290
5644
6081
8373
6754
5348
8163
7527
5279
5138
9088
7869
7598
5501
7876
12389
6906
7218
7950
7495
5584
6764
4959
8062
8305
7359
9193
17891
19284
13852
16083
10093
19981
10994
10475
17356
18499
8601
16884
11872
21275
9989
18005
8138
6228
8079
10173
6514
3343
4452
3938
4920
6522
4555
5188
3111
7424
8869
8713
11328
9231
7289
10835
6500
11785
5990
6370
6892
8374
5022
4652
7516
9777
6755
10816
10428
10948
4556
7719
6731
6870
6013
7421
11316
13501
7788
10791
6242
19251
13262
17767
7465
10133
9852
10244
5726
8271
7727
5129
6409
7764
4903
6699
9047
8030
8641
8053
6053
4333
6651
6885
7545
5231
7493
4512
3822
5480
4729
2562
3424
7531
8860
8362
8129
4624
4564
7336
6123
5656
7367
5526
3644
5869
2731
5053
6520
8012
6755
8558
7867
6362
5791
5911
6048
5955
6275
5338
4177
3952
3658
3217
5843
12158
10130
10549
11708
8357
6630
9215
7466
9197
5569
7300
7116
5885
4637
4882
7534
10352
6309
10369
8546
5610
6318
8473
6305
3505
3567
5758
4351
4617
3942
5215
4283
5341
6030
8443
11604
7441
5794
10395
6516
6277
5457
8404
8478
8454
4502
10889
7844
5877
5138
9497
9363
8279
5337
8397
11192
8969
7667
11302
9850
8264
8161
7955
9408
10586
9001
9606
19395
15989
15465
18494
14505
14780
12547
13280
26348
17163
14958
16959
14763
14799
11154
13837
10286
6972
8263
10113
12508
7559
7360
8193
9407
7265
8036
6798
5980
7520
8328
12231
15107
6936
6417
11501
10110
6705
6576
7044
9251
6187
4811
7688
8973
7144
6030
12694
17745
13492
10392
13058
11001
8098
9408
6259
17347
13528
13011
11774
11418
14471
14443
17686
17380
18325
15125
17863
9790
17613
10909
9698
18807
23472
17309
16460
11500
19208
9880
16511
9446
7921
11570
12188
6967
5028
5402
4827
6639
9123
7038
6656
3298
7449
9018
10311
9900
7873
6700
10651
8319
12468
9366
6892
6656
11111
6239
8156
8694
10071
8860
10842
11882
10397
5013
8932
6744
7009
7512
6484
7573
7809
8149
5385
9121
20898
17048
18170
12748
16162
15580
13120
8002
6071
8285
6914
11581
9495
7613
9541
11126
9608
10777
13149
8079
6274
7432
8148
8187
4840
9180
3116
7495
8622
8620
6346
4999
6985
9018
8652
8527
4875
4867
7003
7430
5364
8529
5513
4646
4723
2506
4942
7528
8857
8869
9646
15864
9736
9574
11261
10745
5483
9221
8985
11816
10747
10495
10338
9212
13222
13223
12817
14733
13435
9037
15146
11162
13149
8972
9930
12905
11306
8099
10636
10767
14883
9439
15027
10147
6740
8242
10634
7871
4150
4219
5234
5887
5890
5988
6040
4597
7079
8328
10712
10904
7165
5530
11644
6935
7157
5605
7973
7363
6847
5331
9248
7963
7052
5603
10245
16214
12438
8810
11173
15648
14134
11975
13876
15948
13754
11908
12957
12300
15726
14135
16224
15520
12931
13998
15021
9861
12158
8185
9681
9759
9448
8148
10113
17251
16111
10685
14679
11531
8817
8694
11448
13776
8228
7058
8934
8961
7493
6890
7057
6936
10941
9439
13680
11960
7021
6933
10392
8376
7480
5884
8130
5736
5028
3904
6864
9969
8743
6309
12479
16136
11912
7744
11307
16908
12335
9500
13336
12588
9685
8351
9610
13997
16638
13244
18993
27256
25780
20564
27310
11641
21284
12281
12563
15291
18165
15135
15530
19205
28511
15530
22945
12186
10278
13901
14823
10633
5961
6004
6015
5985
7977
6988
7781
4458
11227
10777
12904
14916
13948
9588
10755
7645
13092
7588
9285
6540
11117
5990
10732
9950
13116
8641
13270
15064
15460
6859
13103
9076
10408
7229
11661
12786
15410
14363
13101
10629
30538
15580
26256
15193
13563
15146
13174
8051
10282
7827
8306
6288
7577
5267
7593
12952
10256
15530
15397
7942
6010
8673
5347
7676
5156
6940
5762
4734
6192
5625
5892
5216
8161
9880
9662
14335
8600
7886
11024
9699
6947
8545
8992
7023
6473
4610
8317
9136
9203
9989
11482
9599
9487
7573
9784
8939
7029
7650
7937
5810
5891
6458
6643
10367
13151
12367
13534
23880
17232
12523
20805
13774
16514
9903
14237
13948
12441
8803
12294
17106
18222
10685
20941
17182
10149
12294
16100
13680
6832
6824
9734
8212
8027
6425
10033
8887
12316
11154
20503
19353
12949
10483
20088
12842
10811
8621
13889
8999
9018
6538
12838
13514
9985
8594
17032
20910
15182
10040
17653
17759
12015
9880
18912
17821
13840
11302
15689
18776
20595
15094
24855
14687
11933
12373
13231
13259
9060
8366
11209
14465
9704
8756
9919
13384
11663
11302
11786
16896
10653
11707
12982
13616
6528
7270
9704
9607
7793
7754
9160
9441
8932
11908
12207
17835
9485
9405
12679
11781
7883
7821
10236
9759
9520
5871
10179
10268
7928
8161
12219
13565
11406
8626
12059
14962
8776
8208
12019
10995
8763
9131
8504
11267
10210
10281
12163
9886
9541
8853
8390
6253
7870
4983
5760
6673
6394
6523
6051
7557
9849
6458
7956
16906
14182
15941
13677
7931
4644
5081
6065
8399
8027
5898
6992
7284
6678
10495
12071
8673
7145
6391
8141
5792
7053
4338
6662
6609
7442
4442
7305
6184
6446
3658
9101
7340
7324
4876
6791
7854
5413
5159
6522
7674
6957
7557
6601
7929
11188
8682
9133
15936
15810
20695
13769
8017
10754
8642
8308
9581
9002
7468
8660
13221
10879
14363
14159
14892
12479
19167
13401
10892
6452
8935
7173
8747
12034
9147
9461
7613
8477
8149
15620
10782
6893
7293
8762
5614
7204
7772
5852
4754
8254
3177
6163
7085
7937
7788
8453
12789
11831
10966
11724
10191
6557
7590
8643
9028
8125
7557
7614
12432
17189
15166
14843
13349
9862
8994
13220
10005
10061
7805
9432
8570
8261
5397
8405
10755
13370
8351
13749
21240
12995
15536
18533
12138
7027
6918
9316
10287
9501
7913
9204
10261
9842
13011
19238
14035
9170
6866
14514
8261
8009
7009
9489
7351
6819
4453
6939
10383
9085
6764
13112
16217
13295
10678
14716
14427
9708
8714
14299
14139
12454
9131
12146
15570
16263
15261
20139
7975
7162
6237
7871
7740
7582
6215
6481
7297
7019
6001
6490
7077
9883
6538
7459
6656
5510
4896
6414
8141
3817
3938
4703
4654
4294
4573
4292
3748
5813
5331
6819
10472
6486
6011
8414
8178
6171
6760
6289
5932
6423
4106
6016
6268
6136
4502
8219
7804
7888
5620
7652
9564
6242
5550
7892
7772
7114
4453
7084
7024
9205
8175
11385
5637
6008
4858
5931
4150
4887
3301
4042
5509
5446
3929
4503
5328
5946
4610
6413
3270
2791
2859
3137
1340
783
954
1085
2599
2746
2263
2156
2054
2553
2506
3478
5428
4220
2702
4186
3540
5283
2708
3360
3930
6272
1330
3947
3397
3760
2731
4644
3592
3828
2146
3828
3494
3584
2694
4088
4579
4698
3177
4364
4184
5852
4565
7495
5787
6156
8453
4675
4474
4764
4436
4005
2946
3720
3616
2852
4568
4704
5990
4768
6273
4468
5721
5192
6469
4049
6833
4787
4905
6554
1287
3768
3517
4110
6239
5824
5986
4398
4318
5519
6191
5667
7838
5934
1729
2123
1330
1945
4859
4571
5022
5060
5328
4483
4126
5105
5913
3615
4505
4800
5127
4109
4442
3620
5077
6519
5841
6094
7034
5077
3832
5286
5021
3860
3291
4205
3669
3121
1785
3020
4159
4608
3904
5018
7463
4254
4491
5414
4861
3013
2936
5214
4275
3710
3918
4462
5062
3901
4811
7092
10260
6737
6225
8973
6264
4811
5462
8259
6213
6410
4106
5619
6952
4689
5348
7502
6079
5591
4012
7054
7994
5363
5654
8670
8016
6072
5871
6705
8203
6971
6662
9643
8133
6947
8169
8016
8438
6115
7236
8076
14237
10652
9956
9140
6355
6082
6425
6469
7828
5332
6235
6693
7290
4013
6081
5315
8179
6303
4570
4873
3933
4271
5988
7338
7556
4405
3669
5830
6228
4162
5742
4638
6452
5806
3918
5459
4657
3660
3942
6465
8474
7491
5946
7612
6756
5452
3860
5557
10779
7889
7913
7798
5868
6746
7585
8087
7443
7775
8762
7617
4532
7221
4641
4556
7028
9186
6885
5999
5095
9122
5625
6836
9197
8819
11023
9186
6345
4490
6863
5118
9729
13095
6396
8399
3714
6065
8620
9285
7483
7311
5914
7063
6237
10664
5591
7676
1562
2511
1287
2064
4018
5921
4729
6009
6131
6817
2990
5875
5034
4413
5109
4586
7595
8927
9147
6492
4133
10709
7435
8809
6531
7377
9588
6524
4970
3247
6017
4043
5727
5595
4159
5246
5974
5465
6988
6778
7107
5816
7788
6333
5683
4549
5961
5187
8184
8663
6396
6850
3350
5128
7038
7190
5741
3288
3561
4516
4919
4240
6514
4102
3774
5255
2263
4191
4280
5558
4555
5732
7125
5086
5161
5785
5524
2627
5671
4452
7346
5894
5898
5802
4285
6084
6525
6102
9144
7333
6972
7357
6659
5754
3015
6255
6606
5920
4520
6224
5618
7835
6890
8810
11272
6869
8979
8663
6496
3406
5219
5349
7552
7138
4570
6893
4920
4707
8036
10316
9090
6480
5469
8150
4549
5010
4276
6148
6029
6731
4573
8465
5510
4865
4196
6928
9236
7921
5719
8799
8288
6252
7047
9016
10036
7447
7754
9330
7656
7744
8919
9830
10743
7150
11102
8916
6288
4486
4785
6498
6729
4111
3073
6458
7586
4819
8803
7316
9688
6465
8712
7114
6302
3583
4191
5609
5712
4036
4520
4740
7119
4178
8099
7134
6274
3685
4934
4905
4224
2424
2952
4044
2278
1450
1785
2852
4904
2390
4637
4818
6871
4410
4874
6309
7700
4194
4873
5965
6623
4650
5397
4864
8511
5385
7470
7558
9566
8976
10152
9633
4122
6723
4529
4899
5925
6670
4471
6532
6715
10498
5267
7828
7389
6530
8701
7297
4260
3520
2991
3698
3858
4299
4159
4109
6316
7479
7613
10618
7115
7462
1649
7477
3639
6773
4662
4650
3661
7901
3616
6457
5959
7861
4903
7317
7933
9065
5286
7933
4137
5259
3500
5789
5922
7304
7468
7243
5615
14108
8233
13966
13744
13562
16315
12508
6483
9984
8686
6719
7372
9208
4471
8186
12104
9903
15135
13544
12311
9261
6307
11655
7643
5231
7552
5011
5510
8338
6885
6943
7998
10239
17309
12148
10306
7508
7981
8871
5638
6900
7774
5731
4723
7671
3929
6155
6631
7053
8601
8311
10582
10570
10185
9668
6680
5660
5690
6362
6838
7883
6523
7394
9208
12157
12458
12430
11204
8875
6138
10065
6721
8894
6758
7051
6374
7387
3073
6467
8996
10925
8148
11022
17020
11672
14138
15662
10846
5868
6181
8358
9548
8462
9956
9527
9851
12161
14958
21302
13698
11240
11169
15499
7292
8580
8101
9876
8353
9878
6001
11097
10242
10026
8816
13596
17471
13183
12383
16829
9892
7492
7448
13631
12657
9045
8756
12522
11932
13487
13334
20441
12220
9682
9452
9957
8191
8475
7773
7487
10296
9227
7448
7222
8511
12472
9880
9846
12431
8282
10305
10616
9680
6564
6387
7025
7728
8369
7047
8936
5686
10494
11975
12090
22602
12756
11314
15472
10303
11207
9589
10535
8813
10575
5654
12451
9816
10930
7667
14184
9073
11814
6054
10603
8762
8195
6674
8637
8570
7789
8714
7623
7250
9610
8928
10828
9038
10554
10150
7560
4599
8087
5575
4443
5513
7765
5690
5032
5530
10442
7650
7580
9481
8031
10226
9246
5523
3327
5601
4877
6524
7592
5671
7017
3697
5959
9221
9371
11855
9548
8616
10170
5795
9139
6560
6298
4927
9492
4505
7229
5382
5409
6275
8501
4388
7596
2253
6016
4379
4488
4366
4106
5312
6054
7590
4848
4750
12473
7112
7835
9054
9282
11660
7298
4665
4955
5102
4346
4278
4462
3500
4389
6602
6950
7229
8375
8823
6487
9839
7353
5742
2635
6071
4106
5140
8346
5109
5876
4644
2614
7512
8360
8754
6088
6341
7636
4461
6077
6590
4772
3162
5168
2694
5340
4981
6413
6013
6612
5493
7153
4596
7156
4643
4504
4366
4276
4338
4418
5159
4211
5980
10802
7510
8660
13979
11631
9551
11580
8336
10846
8090
8219
7710
9745
4873
8315
8894
12533
9500
13597
10183
8247
9728
9850
7457
5132
7427
6520
5013
5746
3860
4909
3745
8017
9408
10316
17504
10961
8729
16344
8397
8763
8611
8964
8995
10455
5550
11901
10299
9873
7218
13605
9170
9663
5070
9683
8406
7369
6674
8119
10325
9735
8208
8036
8568
13925
9418
12075
8823
7656
8271
7632
8425
6822
7324
6618
8445
8206
8101
6012
7413
8211
8621
7353
5816
4035
5894
4538
8445
4153
6812
5791
4746
4721
4276
4235
3687
3640
5605
4842
9778
7281
6187
8570
11000
7166
8097
6923
7413
6785
5462
8017
6755
4928
5457
7675
5973
6305
4636
6672
10984
7069
8611
7964
7060
3029
7009
5344
7246
7465
8020
7933
8899
10388
10935
8273
5498
11899
7612
5347
9618
13600
7774
9872
7356
12274
8545
10468
5655
5635
8345
6824
5013
2712
5608
3521
5210
7371
6514
5814
2397
5107
8529
6778
9775
10208
8181
9189
8005
16989
10105
8028
7630
8163
7838
6462
7219
10548
7367
9133
4077
5515
2360
4056
4457
5043
6590
4457
8042
8294
7772
6975
4458
12280
10314
10749
5874
7038
8609
6019
4891
6695
7407
3872
4160
6260
4662
4382
6183
7313
7588
5587
5738
5087
7715
5724
7938
7013
11381
5407
4343
6165
5591
3559
3600
7268
9366
7682
5507
3735
3416
5498
5909
7240
10105
5372
3243
5549
2708
5015
5495
5755
5990
5500
4023
4060
3509
4439
5293
4382
6560
3900
4602
4173
4338
3480
4249
7166
6463
6020
8380
6047
5767
6059
6280
6686
5611
5407
3957
2309
2952
3365
4684
8417
5884
6875
8876
5568
6778
7451
6502
3280
4084
5056
6322
6274
5742
6133
5004
4434
6576
7818
11682
8258
6325
11199
8068
8559
8097
10723
10443
11055
6760
11132
8275
6776
5644
9804
6398
6512
4145
6470
11224
9293
9589
10542
9602
8308
7821
8173
9338
10009
8750
9523
8215
7617
6928
8534
8883
6860
6373
8004
11233
8732
6181
8418
7218
6836
6824
7572
6178
4233
5167
5405
3815
2516
2275
3317
6083
5034
5219
4783
3022
3470
4219
5610
8669
4968
4184
7172
5636
3969
4084
4309
5034
3937
2936
4519
5568
4147
3567
7063
8000
7722
5140
8426
7151
2192
7427
4791
8183
7234
6918
6397
6085
7681
6930
9910
8248
10665
10499
8745
5222
8237
7052
5369
7513
10235
7552
6977
5940
10774
6940
8313
6425
5650
9342
6841
4671
4172
5591
4144
5286
6860
5961
4035
2312
6104
9180
9066
10502
10258
8006
10572
8043
6633
11381
8951
6160
14962
6833
9663
6333
9491
7493
9555
4971
6679
2117
5881
5124
5130
6071
4896
7018
7840
8935
5664
4429
12409
8409
9039
5630
6430
7046
5435
3933
2537
3583
3237
4266
3664
2991
3963
5079
4678
6004
5915
6482
4105
5775
5350
5040
1159
5591
4235
6186
6648
6863
5213
3147
2487
5402
6809
5138
2896
3457
4815
3702
3688
5608
4359
2473
3222
954
3115
3707
4278
4452
5577
6010
4988
3927
6607
6779
3077
5601
5932
5742
4942
5081
5420
5747
6987
6857
7063
12932
9212
9068
10150
7146
3819
5879
7675
7607
7677
4191
6705
5898
10340
7058
10626
10192
6638
9246
9728
4393
2549
2275
3369
6644
7283
6081
6796
4269
4208
7360
9654
12248
8416
6728
12961
6456
6729
6812
8005
6725
8447
3938
10207
8431
6903
5493
10635
8218
7091
4031
8778
8088
6345
6387
8638
9479
7953
7270
8347
7665
9576
7359
9819
10764
10348
13062
9942
7648
8083
7772
7267
7931
7816
6758
8073
9343
9587
9903
8358
7709
6688
8804
8457
7738
4564
5879
5332
3404
3271
3015
3168
4720
7520
8972
8721
9905
6545
6581
8529
6141
5792
5611
6189
4299
4839
3291
6579
7766
6904
5569
9148
7712
6662
4742
6865
9391
7006
8090
8016
8095
7835
7805
6666
8428
12501
11104
10582
10816
12593
12009
12140
4548
10153
7079
5221
7863
9958
8686
7350
8518
12900
7827
8934
6209
6567
10193
8630
5379
2752
3583
2956
4449
5411
6017
5242
2883
6738
8285
7986
9696
4918
8329
11195
4850
9300
7407
5778
4013
9102
4436
6374
7724
10568
7727
8285
5917
7830
4159
5958
3590
5596
5102
4632
7116
8672
8642
7073
4593
15340
9436
12650
9617
9115
13611
8272
5896
7533
7079
5009
5321
5824
4529
5436
9010
7481
12281
8618
6259
2895
8157
6011
5999
3761
7052
3909
3700
5683
4641
3952
5236
6663
10909
7730
8268
5934
5650
7457
6035
5558
7612
5161
4361
4662
3301
5489
8262
8167
10994
8472
6028
6434
6230
6401
5282
4606
5575
4500
4211
4349
4983
4116
6253
9006
8995
7725
12593
10051
8317
11068
7287
10453
7772
7718
6728
7707
4785
6206
8960
12558
8185
11476
13193
8779
12121
12895
10349
5013
6373
7944
8460
7858
7236
8526
7503
9982
12547
16947
14841
10441
8310
15740
8156
8615
7324
9453
7501
8640
6215
11958
11435
9897
7765
14919
13210
11246
8936
11170
10405
7780
7773
11289
12201
9896
8366
10197
9756
12550
11572
13594
20615
13265
11799
17539
10686
10886
8936
10871
21663
15071
12383
13587
13155
16627
10040
16014
11720
7429
7771
11624
8458
6166
4031
5980
6902
6154
5719
6651
6660
9741
8810
12693
15915
5911
5319
9837
5899
4418
4145
5562
7350
5558
4012
6380
8836
8732
5337
12430
16443
10993
8638
12625
7268
7927
5070
8052
14013
11670
10678
11124
7261
12288
10243
15192
15039
14242
11204
13538
7100
12124
6230
7150
11724
11451
10185
10764
8693
14539
7573
11613
11659
8360
10185
11371
6792
4313
3927
5086
6732
7187
5161
7102
6322
7822
9574
11200
9159
7505
6477
9078
4967
6848
3509
6041
4864
6837
4126
7443
5202
6580
5791
9263
13192
12095
6023
10986
5769
6626
4596
6661
10616
11021
10966
10343
6270
15002
8641
15092
10169
6755
8860
8209
4877
5207
4159
4289
7618
5317
5286
5764
8268
3740
6859
7402
7005
4488
5758
6488
4115
2614
2117
2705
3370
2888
2990
3333
4866
5025
5013
6836
5538
2454
4263
4996
2694
1662
2360
2657
3043
2570
2146
3837
5733
4331
4556
5718
9549
5201
6023
7215
3098
2952
2253
3606
6415
5369
4876
5860
4799
7802
6168
9591
14845
9303
7708
13177
7691
7386
4742
8128
8234
5910
4874
7515
9518
11692
7744
12968
18139
9535
10691
13230
8008
5114
5140
6884
8965
7195
5946
8536
9406
8524
10392
12420
13067
8702
7153
11930
7120
5366
4636
7433
8833
7438
5620
8744
7469
6202
5501
10000
18550
12311
8638
15728
10337
7836
6054
9764
16312
10177
8626
10901
10158
12505
9887
16324
12938
9977
10882
10952
12899
8407
8310
8780
12841
10085
11169
8534
12902
10547
10483
10776
5950
4054
5170
4401
11049
5110
6728
7561
6284
4921
5469
4437
6226
4077
5530
5892
10261
5984
5839
8133
10620
5986
6325
6720
8793
6339
6225
7881
8092
4854
5794
8973
10106
7800
7153
9388
15812
8083
8729
10865
7734
5710
6866
6416
11908
7721
9367
11226
10200
8942
8084
9266
6669
10434
5650
6443
11437
11016
7981
10004
8681
11019
7886
11011
5647
4438
4761
5821
4793
2676
3457
3833
3730
3977
3561
3616
3284
4412
4867
5886
5917
4041
3696
5161
5090
5552
3416
5002
3926
6671
4318
5813
4969
5103
4564
6523
8552
6717
4263
7938
7003
7670
6341
8921
10557
9912
7293
10468
10823
11190
9719
14970
6785
7987
9381
6381
6492
8006
8329
4796
1967
2278
1649
1729
8766
7491
9588
6763
5269
3414
4947
5049
7658
4898
8006
4477
4328
5814
5914
3408
4129
4951
6700
5503
4724
3456
3696
4671
6593
7393
8181
5153
2932
4252
2702
3248
5894
6436
7289
5967
9277
6155
6477
7046
8676
6836
8616
6591
7706
6387
6391
5291
7562
8852
8591
9277
11901
8181
7486
10106
10526
9088
6581
9027
6152
6010
4934
6889
8690
9540
6933
10297
7371
3897
4972
6637
7464
4140
4184
7930
4083
3666
3669
5210
6815
5430
6417
9120
10288
6836
5839
9759
8822
7031
6187
10428
10090
7522
6011
11087
10068
6518
6041
10652
9972
7625
5319
8931
16481
12652
11314
17984
13206
9862
9405
10328
18147
15314
13767
17688
18402
13067
13939
17923
16384
12133
12121
13344
22124
14382
14138
14351
16211
13325
12294
14194
9624
6059
6447
10077
13608
7380
9246
8430
10370
7563
8979
6945
6208
6304
8242
9894
11442
5105
4972
8826
10204
6224
6778
7194
8023
4878
4491
6206
8446
6145
6318
11565
19154
13594
10691
15329
9755
9163
9728
8464
20145
14671
15536
13773
12088
12512
14704
18815
14837
14200
11372
15806
8835
12724
8157
7969
6280
6865
6307
5710
11830
16358
8673
14343
9461
6797
8722
11959
6587
4425
5775
5220
8036
9077
7788
7376
3584
6100
7432
9129
7715
5911
4947
8503
6748
9316
7715
6674
6606
9262
5721
7509
7158
7899
6651
9157
14425
11810
5758
10323
10441
10022
9839
10523
18949
21861
19167
16069
8511
18593
13240
18148
15491
15312
18320
14413
10018
6986
10193
7872
11856
10375
8701
9506
13210
9736
13901
15435
11076
7379
8722
9309
7407
5733
9342
6271
10973
9448
11023
9420
6419
7541
11570
9316
8889
5213
4761
8302
6908
5548
8345
6311
5210
5308
2859
6010
7461
7847
8079
9335
17551
11258
10185
14746
12701
6291
10226
10465
16816
14413
15941
14171
10659
15051
13503
15294
14946
11869
8705
14664
10031
11518
8804
9981
13327
11078
8712
11007
11037
12901
8694
14323
10964
6447
6447
10231
8593
4401
5167
5364
6403
5468
6235
5893
5812
6657
8263
9223
10139
6167
5170
10065
7465
7221
5894
8711
6971
5925
4896
7850
8563
6282
5698
9891
16932
11855
7771
11935
14090
13223
10305
13241
16876
13885
11707
14280
12400
14777
13721
17169
17106
11245
16331
13621
13704
8237
8317
10868
8355
4970
6138
7101
14669
10143
12523
12599
12462
6882
8705
8708
15191
6204
9068
12427
9855
6350
6972
7401
10259
6364
9037
11206
11597
5947
7486
8813
10732
5794
5767
9434
5993
3520
3832
7026
9383
4735
6630
8953
13572
8780
7708
12409
17464
9456
9551
14037
12299
7445
8994
8730
15669
10288
11706
14502
24851
22735
19286
25556
11087
19816
13611
11831
14591
18398
16315
15691
18706
30046
15146
22862
13628
11750
18320
18975
11746
5686
7046
6902
6963
8750
9588
9263
6066
14509
15580
16153
11690
11885
9381
15465
8189
13145
8609
9307
8554
13741
8453
13235
11907
15787
9852
14661
18425
18001
8860
14625
12842
13968
11660
17115
17108
19494
20695
18131
15992
40301
24278
35986
15551
15766
19286
16695
12079
13148
12009
9210
9960
11698
10152
10819
19911
12429
20564
16028
10515
7116
11372
11441
11493
7545
10499
6795
6506
8686
8762
6810
8407
12374
15125
14674
14113
7410
8084
11862
9985
8703
10935
9025
7273
6466
4858
8209
12683
12267
13852
15301
14261
11317
11204
11573
10744
10623
10150
9714
8423
10262
8853
9282
11746
18314
17618
18081
28085
21177
16331
27772
13780
20194
13062
15610
17652
17366
11102
16584
20758
24434
13998
25863
17837
10129
13939
20213
15103
6463
6928
9407
8744
8380
8169
8901
11884
16746
15465
30521
21603
12339
10882
22987
11467
10511
8271
13644
10668
10354
6237
15586
16575
13214
10014
21133
24102
15779
11799
17469
16148
12160
9452
19090
18082
15801
12373
17904
23336
29193
20363
26250
21477
19105
29193
24406
18803
12307
12550
16384
19597
11804
13487
11963
22694
17046
20595
18008
19564
10557
14777
14005
15054
7362
9576
10522
10835
8220
7744
10448
14506
11417
15726
15508
25774
12582
15314
17568
15850
9844
10009
13434
10650
7867
6971
12976
15544
9141
10586
14724
20396
14689
12505
19185
23383
11913
13925
16708
18502
11719
16263
12082
23083
15108
19520
17868
20227
19307
18314
16186
9912
12898
9006
8834
13642
12937
12157
12125
13125
17448
13151
14684
15675
10807
15051
14941
8887
5272
6987
7288
7007
7552
6084
8816
8967
7663
13222
13583
12724
9022
8852
10865
9645
10320
7166
8879
7031
8157
6519
8896
11564
10569
12158
13360
11460
11973
7802
11627
13835
9978
10802
12382
14644
12018
17189
11782
16418
21131
18771
15908
36224
28025
40301
24224
13472
16454
15340
13520
16391
11847
14108
16085
23898
13741
30538
23121
19224
12341
18593
15346
12558
9554
12409
9306
9804
9963
10709
10171
15081
12157
20898
12692
15957
8999
11190
12791
11720
8483
12280
10008
6537
6805
5852
8487
18464
12945
19251
15734
18484
13189
15002
17268
14908
10306
12473
13058
10392
8167
11188
9383
22012
21131
22652
19587
18770
13121
10288
17087
16958
14475
12501
15153
9517
8416
5385
10673
17260
19399
16638
19926
16861
9003
12512
15147
13452
6743
7681
9999
8472
6939
6746
8411
11739
11111
14471
15793
16707
9024
7721
15307
10411
8687
7465
11837
12480
9917
9205
15544
12181
9618
8305
13942
18449
11729
12288
15023
14093
9481
9610
11448
14935
10735
10210
11623
20988
15108
16541
18729
13029
10969
13214
11129
12820
9184
9897
9755
12142
9835
10026
9229
10405
9170
9985
9323
7866
4597
6282
5900
10525
5335
6903
7077
5478
4785
4865
4833
6206
4607
7052
6601
10235
6034
6518
7990
10291
5956
6776
6456
6724
5350
4689
7629
7718
4784
5877
8543
8606
7140
6202
8871
13675
7611
9873
9117
9450
6245
9085
6775
11877
9618
11341
10831
11315
10844
12267
10293
7147
9199
8167
6524
10882
10976
7053
10772
7934
12300
9203
10855
7239
4811
7847
7070
4594
1920
4278
2815
5545
5229
5558
5057
6511
4790
8857
5785
7955
5813
6436
6582
6321
7702
5755
5690
4677
5587
4571
3439
7272
7310
8012
7566
5482
5993
4331
5304
5730
4698
6413
5213
9749
8931
7937
7817
7247
12945
11965
10729
10764
10827
15787
10380
8175
8358
10568
6457
7996
7311
7861
7551
10424
8856
13116
9496
7152
4500
7899
6664
8118
5506
9491
5079
4875
6231
5921
3108
5617
6417
10071
7585
8713
4363
5103
6808
9048
6098
10548
6053
4474
5006
3760
5593
9554
7310
9777
8179
7478
5758
6580
6913
4785
3760
5409
3498
6119
6016
6446
5035
7859
10569
11797
9317
8467
5202
4735
6188
9319
7436
6904
7887
3799
2971
2390
2749
8239
8935
8743
9197
7888
4563
6145
6649
6804
3177
4147
5347
4729
4112
3660
5288
6102
4160
7144
7923
9490
5470
4854
8526
6421
5188
4928
7959
9348
6832
6136
10668
7273
4784
5279
8605
10194
8810
8732
9445
15184
10600
10930
14030
10342
7417
7928
7810
13108
9141
12396
10315
15870
12269
16746
15208
12529
9711
9982
11410
17764
11116
12161
14546
13523
9819
12316
10351
7841
4876
6657
7052
6369
4200
4208
4977
5524
4224
4707
4465
6032
5038
7079
8177
9644
4678
5430
8012
6556
4060
4434
5016
5626
3575
3901
5579
6743
4160
5341
8245
13089
9664
8524
11118
8788
4847
8017
5299
11454
7854
9842
9226
12446
11111
15200
13763
11347
10967
12374
12200
6349
8244
6663
5478
10326
10913
10239
9348
8370
10717
8161
10468
6771
5353
7541
8122
2763
1856
2487
2148
5127
5298
5128
5668
4356
4882
6985
7790
6095
4765
4951
6431
6437
7287
7268
5219
4232
5783
4110
5017
7047
6417
7531
7313
8504
7589
5025
7730
2940
2310
2614
2864
6762
6424
8477
6088
7781
12157
11746
12023
13286
9842
14509
10534
6710
3580
6738
6464
9382
6030
7479
7044
10744
5380
11227
10227
6275
4233
6100
5771
5449
3498
6104
2844
5119
4575
6065
4788
5695
4882
7449
6710
5405
2873
4412
4872
4758
2858
5107
4573
3535
3675
2553
4097
6834
4790
7424
7104
9927
5376
7822
7761
6741
3270
5959
6084
7773
5508
6678
7080
9063
7663
10190
8700
10276
7371
6364
10236
9752
8406
7520
5934
6875
5387
4178
7210
10843
10470
10941
12507
8200
4509
6304
7810
6032
3442
3470
4847
4628
3579
4271
4861
5401
5038
7520
7926
7416
4273
4077
7990
4618
4298
3640
5552
6755
4782
5813
7597
6448
4607
5245
7194
13362
9558
9741
10673
13512
10171
10494
12819
10852
8559
8932
10362
13816
11417
15401
13660
23583
16721
24434
18993
15596
13404
12558
14260
15410
10637
10925
13535
20780
16307
18222
16262
14627
9474
12901
12867
15600
8430
10340
10430
8997
7428
7835
8243
13009
10470
14883
15182
13529
7970
9540
11273
11116
8236
8417
9924
6202
4716
4608
7205
12705
8935
10352
13394
17716
11089
11692
12633
16868
11586
12533
12303
15437
10925
13370
12348
21766
19399
22012
21228
12005
11732
12429
10754
6335
10759
7481
6345
8643
10289
9903
8275
8251
13643
10256
10064
7720
5854
9736
7744
4776
3367
4678
3424
4991
5788
5465
5317
5206
5380
9608
6615
8871
8754
7491
7270
6345
9926
7313
6231
4243
7180
4704
5498
7091
8856
8030
7754
5595
6218
3740
6031
6497
6336
6950
7168
8507
8300
10879
7081
7316
13741
12253
11063
25602
19210
30046
19893
12788
12535
12900
11455
11645
9013
10498
12333
21764
13643
28511
21172
15087
9626
16358
9770
11101
6815
10774
8377
7972
8517
9122
9016
13007
10717
19208
13760
17841
9291
11019
13373
12437
7621
12274
10329
7526
6115
5946
9660
19520
12300
21275
16431
15082
11843
14539
14795
12023
8331
10442
9480
8568
7110
9849
8936
18306
17448
22197
16448
18706
12103
10143
14678
14202
11925
9587
13077
8292
6959
4819
8248
16020
16307
16111
18165
17134
9485
13325
14046
12012
6052
6836
9401
9378
6841
6082
9966
12816
9819
14799
17090
18459
12141
10547
18346
13251
9757
8211
14455
11183
8469
9883
14430
13025
9170
9814
16181
23818
15563
16627
18739
20778
13197
12472
19480
17024
11515
11663
13606
22661
17046
19244
20709
15401
12840
15801
12938
12771
8644
9896
11220
14335
9950
9045
10564
13176
11515
13840
11285
16819
9981
13885
12814
11799
6632
7953
8851
8733
7756
7447
9612
9767
8559
13754
12313
16852
9621
9862
11829
10737
8644
8308
10649
8479
8675
6072
10623
9860
7417
8264
12226
13428
11955
10177
13665
14289
8895
9735
12753
13137
10433
12454
10139
12328
10735
13195
13586
9744
8594
10262
7500
5131
6090
4349
4603
8173
7144
7883
6091
5822
7110
5891
6207
13164
10770
14413
11291
6374
3614
4942
5232
8242
6705
5894
7162
7566
5508
10747
11253
7838
6083
6387
6745
4838
5730
4173
5827
4325
5623
4109
5926
6245
6016
3952
8741
7170
6561
5369
6833
5461
3572
4418
4657
7579
6083
8125
5883
6540
8167
8867
7128
15390
13073
19494
11169
8854
8661
8672
8478
9330
7531
7304
8302
12907
8300
15410
12576
16592
12263
21861
13256
9332
5018
7840
6835
8375
9412
8927
8732
8952
6424
7809
14603
13198
7262
9912
9688
7079
6690
8294
6407
5738
6643
4698
7717
12822
8931
13501
11764
11577
9511
11021
10581
7357
4649
6054
6436
7218
6083
6957
6395
10432
12018
13570
11031
10253
7819
7445
10299
8502
8134
7835
8319
6417
6406
4650
7082
10088
10925
9685
12030
19454
11413
14671
17366
11344
5782
7234
8093
9496
8128
7889
9221
10810
7854
13528
16942
10760
6935
5710
9999
3345
3751
3029
3765
8724
8047
7114
8884
7330
6245
5584
9643
14969
12282
11670
12766
11895
7872
7789
10844
12475
10433
8763
9953
12381
11719
13430
14671
9579
8366
10354
8460
10451
8025
8640
7992
10854
9714
9878
8203
8458
8469
9018
7963
6810
5185
5925
5669
12321
5794
8447
7238
5993
6421
6731
5221
4888
4782
6847
6623
11925
7014
7522
9730
13055
8999
11055
9157
7297
5824
6410
6512
9038
6832
8454
12127
9333
7799
7438
9295
14017
7919
10455
10267
10453
8047
6819
8864
12391
9917
12601
14488
5115
5496
6466
5577
5239
4842
4662
4349
6274
7605
7671
5561
5177
6115
6473
6770
4714
3790
5308
4813
2993
951
3222
2545
4170
4189
5255
3743
3103
3675
4723
5778
5131
4461
4252
4081
5291
6361
5549
4682
4919
7641
2123
5092
4709
5006
5869
5326
3165
3220
2570
3043
4400
3601
5168
4127
6635
6643
8254
5304
4462
6805
8428
5753
7522
8794
13741
5845
7317
7723
9102
5671
6438
7702
7901
5278
7361
7180
11117
6764
7746
5774
9262
6318
11563
8520
14962
8147
8586
11329
2511
6200
5994
5783
11111
8024
8335
5979
6671
6590
5264
6192
8163
4006
5479
7641
6272
6234
5292
5587
8374
5139
6422
5511
6837
6432
8851
6750
9492
6653
6370
5623
7442
5238
6908
8157
10802
7382
5275
3481
3520
3937
5730
4353
4839
4502
2808
2737
1450
2378
3735
4716
5028
4691
6978
3898
4878
5652
6332
3029
3937
5818
5108
5182
5806
5804
5410
3575
6187
7964
9981
6647
6339
9322
6972
6009
6785
8703
8044
5824
6423
6150
7462
5350
6754
9222
7031
6017
5558
6670
12263
7315
10575
12339
11445
8675
9520
9559
11210
7867
10906
11547
7956
6966
8380
8315
8928
6261
7858
8165
12644
9110
8462
9035
7803
6841
8027
7481
7438
4991
5468
6282
8296
4432
7283
6130
8417
5870
7138
5910
4248
3579
5890
6368
7296
4157
3666
5788
7150
4876
6274
4934
5706
5182
3710
5126
5334
4112
4617
6535
9643
8076
7195
9043
9508
6901
5746
7660
11182
8128
9501
8799
7435
6939
9336
9432
6774
7428
8686
6849
4761
7097
5683
3997
6936
9268
8338
5911
4965
8517
6192
6351
7131
6438
9448
7358
5991
3933
6648
5008
8271
10581
8663
7493
3453
4575
8622
7739
6574
6797
5814
6352
5329
8023
6165
5644
5258
11329
6554
7025
4419
6231
5480
6578
4837
5319
2888
5584
6968
5128
8346
5766
8154
9412
12034
7445
5394
9963
10041
7895
7380
7497
8750
6349
4717
3201
5411
3838
5634
4388
4299
4739
7219
5788
7977
7134
9255
6523
9077
7517
7785
5341
6860
7445
10822
10581
13095
8627
5650
5298
9123
8825
5927
3648
3977
5060
5170
4897
7371
4444
3672
4189
2746
4284
6175
5229
6522
6682
9674
6161
7187
7915
8524
3384
7592
5969
8743
6705
8027
7171
7155
7552
9219
7775
8438
6659
6350
7218
7154
5638
3271
6399
5908
5399
4036
6022
5939
7428
7493
8558
9383
5935
7563
8120
7066
3209
5034
5431
7994
5870
6303
7626
5050
4224
7265
8161
8464
6169
4921
8313
4671
5197
4721
5979
5849
6421
4294
7281
5222
4785
4269
6914
8993
7411
6154
8376
10256
7228
8369
10158
9868
7756
7793
9079
9558
8220
9398
9584
15137
11177
17366
12167
9430
6974
7707
8921
10758
5220
7387
8362
11359
6959
12441
9517
10833
7550
11078
8373
8843
5033
7677
7361
6630
5399
5920
5784
9716
5387
11306
9050
7451
4787
6010
5443
3346
2246
2309
3339
3519
2737
3121
4266
5986
2971
5885
6192
9116
6044
5910
7921
12214
6863
9745
8870
8916
6406
8261
6287
12864
8416
13223
9725
9947
9689
11698
10089
4389
7145
5824
4490
7383
7281
9208
6528
7991
9013
7577
8378
7269
6559
10375
7510
4402
2874
3664
3910
3740
4388
5595
4274
5889
6030
9495
8403
6813
7626
2278
7483
4787
7072
6260
5115
3608
7702
3720
5740
7562
7311
7764
7816
7366
7899
5317
6837
4890
5032
4462
5682
6991
7531
9002
6915
7008
11847
11698
13220
15704
14807
18398
12767
8149
10650
9958
7319
7927
7281
6670
7773
14516
10289
18165
13170
13766
10109
6865
11415
9187
6210
10235
6618
7097
9268
9186
7635
11330
10913
23472
12927
14985
9438
11016
11551
10095
9171
13600
9400
6540
7605
5446
7807
14212
10976
18499
12291
10883
10033
11451
10136
8283
6352
7765
7079
7094
7144
6394
6438
11717
12937
15332
12207
10314
8624
4970
9417
7879
9089
7816
7337
5428
5220
4111
5265
8951
10637
9448
10299
19196
11685
14382
18141
13365
6725
8732
11679
10691
9110
10652
11181
12520
11116
17163
24462
13298
10485
10085
13806
9521
8879
8206
11733
8781
9714
7019
12207
10254
9835
9328
15416
19305
13574
15071
16365
14182
9195
9227
16533
13109
9950
9704
11676
13349
11804
14922
18815
14952
12345
12160
14526
10621
9791
7780
9599
12411
9195
7492
8805
13185
13197
12015
12099
15280
9198
13223
12828
10052
5420
6345
7367
7524
7228
6252
8677
9899
10171
14134
13832
22389
12102
12652
15965
11449
9625
9293
10135
7544
7315
5363
11030
11970
10600
8969
14525
12612
12064
7836
13723
9962
7732
7369
9238
10527
7872
9708
8964
11424
9481
11061
12899
9106
9002
10623
7219
4461
6146
4606
4500
6209
6352
5660
5304
5701
8331
7029
7249
5339
4009
6291
4839
2909
2033
3077
2616
3327
3384
2627
3249
2471
3270
5483
4960
8378
6794
6836
7284
4999
6246
4382
5113
4303
6750
3615
5802
6022
3760
5955
7041
4942
6431
2952
7010
4566
4335
4504
4385
5605
4649
6557
4663
7295
10306
8068
7402
15352
10552
13968
10743
7040
5541
5596
6384
7548
5032
5259
5877
11905
6336
10408
11532
9657
5701
10022
7854
5296
2261
5130
4697
4306
5128
4413
5075
7095
2310
7009
8423
11436
4857
7670
7341
4711
4256
5043
5104
3956
3601
3584
4878
7798
4698
6870
7030
8744
6692
6626
9119
5673
4335
4488
4980
5289
3572
5413
4861
9678
9978
9499
10345
13922
10522
9456
11354
9304
8970
7006
9080
7062
6863
4194
7023
11631
11586
12335
15633
9683
6336
9163
9135
3106
1577
2192
2436
6829
6901
5452
7354
4852
4847
8098
7708
14656
9003
8083
13045
8476
7477
7069
9432
9548
7919
6242
11691
9071
7611
6906
11674
12533
9689
7927
13400
10950
7732
8195
10998
11090
8895
8776
9123
15452
11913
13609
14525
10949
8835
10511
9158
10194
8802
8615
7980
10846
8879
8580
8027
9095
9757
10811
8254
7244
4921
7221
5246
8186
4403
6729
5349
5267
5197
5010
5247
5425
4298
7157
5875
10323
7173
7031
8510
11730
5657
8559
6304
6603
6009
4811
8014
7495
5188
6277
7787
6872
6637
5366
7654
12287
7477
8763
8540
7564
3751
8009
6209
9587
8687
10145
9801
5998
6600
8703
5144
3937
6276
5558
3433
6777
9171
6900
5906
4380
7621
6947
6230
3399
3271
5548
3583
2754
1637
3688
2666
3454
4897
4240
3434
1826
2858
5364
4063
6856
6653
7393
5199
6278
8151
7240
5762
4830
6192
5667
4690
4125
6098
5656
4849
2153
3417
1662
3050
3764
4256
6077
3798
6165
6690
7204
5265
4072
8483
9225
6661
9131
9283
13145
7534
7492
8737
9300
5442
5860
7072
6773
5334
9328
9926
13092
8031
7327
6109
9316
6262
3938
3672
6633
2957
6829
8023
10664
6223
5617
7287
12468
8028
7609
4713
5552
6252
10249
8151
16989
7802
4854
6361
5283
5637
9238
7702
11785
8158
6570
5875
6848
6884
7432
6246
9139
5377
6694
5730
7053
5304
7823
10320
10792
8408
9160
6247
5794
6422
7037
6716
5792
6387
3553
2246
2424
3325
5584
8236
7480
7930
7375
3890
6224
5749
5415
3329
3969
4671
4412
4876
4162
5104
5365
4060
6705
6963
10969
7013
5986
9552
6753
5657
7166
9450
8580
8999
6171
9698
6893
5956
5290
8747
6786
6893
4418
7806
11813
9625
11207
11182
8770
8644
7883
8387
11286
9844
9995
10984
8504
6692
6463
8145
7902
5523
5013
7227
10534
6725
5868
8253
7673
6052
6832
7273
5981
3491
4401
4754
3211
1603
2549
2102
4476
3209
3406
3579
3756
3442
4150
5666
7359
4113
4140
5854
4676
3329
3280
3564
4356
3029
3013
4071
5015
3177
3505
6275
8515
6195
5114
8824
5727
1577
5132
3810
8991
5782
7027
6813
7157
6743
7589
8907
7119
6693
7545
6796
3332
4505
3761
3236
5605
6210
5231
4964
4491
6815
5156
6617
4345
3657
5733
4497
1117
808
1159
1130
4729
5341
4549
3959
1999
3498
4840
5319
6864
6062
4898
7109
5179
3672
7013
5716
3907
8520
4049
6339
4809
5506
5231
6159
5162
5238
2614
5865
2144
2261
2635
2213
5760
5018
6452
4994
5165
9554
7737
9834
5872
4794
5686
5603
3253
2075
2752
3120
4426
2874
3520
3939
5822
3367
5961
6130
5015
2653
4425
4260
3273
808
4172
2491
4225
3933
4490
4209
4438
1856
5028
7700
3340
1592
2676
3046
2452
1637
2712
2914
1139
951
783
1288
3115
1920
3343
3657
5908
3383
4313
6103
4276
2033
3327
3971
5225
3614
4644
4764
6014
5272
6517
6570
10150
6627
6204
8205
5951
2767
4564
6264
5933
5033
3583
5573
7003
8430
8228
10752
8975
4651
7380
8801
3940
1603
2516
2576
5250
4432
4013
5633
5789
4200
7559
10589
8948
5898
5110
9502
5035
4403
4153
6573
6040
5794
3817
8070
6908
5335
5564
9019
10109
6989
6166
10258
7941
5420
6564
8510
9172
6632
6528
8585
8909
7362
8706
9937
19431
13994
20194
16252
11791
6926
10453
11756
13509
9089
8894
11398
15723
11925
16514
12150
10608
7252
11518
9480
4489
2767
3819
3291
6143
5638
5754
5978
9476
8406
13149
10726
11886
7259
9088
9598
8189
6716
6686
7323
4727
4353
3860
6748
9466
7436
9197
10269
11272
7607
7386
9460
14127
8970
10846
10857
11176
8134
10061
8624
15414
14475
17757
14856
12284
11577
13148
12239
5665
7611
7533
5630
9284
10650
9984
8745
9487
12535
10282
10746
4528
4140
6986
5504
2696
2075
2537
2157
2745
3201
3247
2730
2693
3580
6071
4994
8474
3970
8006
9321
5326
8737
6695
5383
4093
7723
4764
6120
8130
8358
8271
7994
7225
8016
5207
7637
4225
5541
4955
5033
8299
8661
10754
7907
7993
16454
13989
14280
15639
12152
19816
12359
9325
7611
10153
7867
8182
7145
6723
8399
16458
10759
21284
13848
10342
4104
12724
9432
6905
4505
8237
5020
5316
7097
7221
5570
10395
8244
17613
10153
12338
7304
10434
9913
8493
6276
11899
7133
5167
4842
4887
5703
14867
9199
19981
11835
11677
9243
12124
11297
8936
6146
8087
6671
7542
6090
7870
6880
14091
12898
18344
12281
13617
10120
8237
11459
9951
6926
8083
9643
6664
6974
4486
6512
11588
13404
12158
14122
14300
7849
12133
12300
8931
5523
6860
7870
9383
6261
6115
7900
11498
9711
14780
16392
14630
10378
8407
14582
9148
8802
6822
10462
9053
8025
7582
12459
11004
9184
9245
15372
15133
11847
10886
14440
12093
9791
8475
12156
11716
8644
9060
10743
14403
12307
14776
14044
19279
15776
15779
18134
15335
11847
11246
14295
21317
13574
13183
14572
15986
15563
15182
16448
13476
9443
11855
12314
11607
6989
7091
8915
9388
7411
7921
8510
11565
9558
12438
14655
16141
7799
7625
11247
10268
6893
6512
8448
9229
6017
5591
8588
11424
8810
8279
14221
18933
13056
12311
16227
16516
9689
9663
12925
16293
12282
13295
12559
14211
11729
14036
17074
13114
11553
11317
10572
7709
9243
6434
6863
10681
10033
10570
9050
8855
11843
9487
10726
11507
8660
11258
11097
5990
3383
4988
5183
6182
6161
5086
7090
6955
5376
9736
9840
8090
6682
6155
6818
6129
5875
4060
6398
5216
5511
4483
6474
5693
5758
6362
8258
9310
8188
5201
9304
9212
6692
7153
8555
12094
9511
11831
9777
10422
13189
11270
11794
15912
12056
18001
11807
8168
8016
7830
6783
10146
7899
9065
8112
15125
6218
15460
11907
10941
7481
11810
8860
8373
5238
6679
5642
6274
5319
6817
5574
9328
7589
10397
9628
7528
4142
6717
6445
5467
3417
5515
5025
4292
3220
3828
5037
10418
5993
10948
9215
13311
8188
12095
11209
9605
6431
7596
7915
8132
6561
7324
7516
12842
11973
14501
12701
15841
10095
8780
14983
10497
7607
6662
9501
8795
6044
4410
8697
10603
11089
11912
14182
19427
10940
13594
14730
11089
6195
7722
9354
10188
8076
7491
9737
12614
9664
13492
16409
14141
9378
7800
12407
9881
6637
6305
9966
10988
7799
7888
10627
9479
7140
7598
11844
17850
13056
10993
17367
18780
12064
11814
16430
18372
11955
11406
13644
17234
14689
17508
19758
12858
11269
12339
12604
16302
10378
10441
10580
14047
10485
11240
10674
15612
12141
12949
11802
6659
4799
6167
5687
12173
5898
8416
8470
7011
6169
6480
5857
6228
4273
7165
6524
11805
6898
6836
9727
13022
7013
8258
7781
9316
6647
6737
9172
9141
5470
7441
10107
11372
9378
8702
11541
17590
9003
10961
12124
9889
6935
9170
8472
13227
9024
12263
13832
7267
6806
7410
6802
5994
7304
5934
5479
9455
9438
7508
8667
7751
9291
8600
9522
5134
4311
5213
5674
3782
1592
2896
2929
2900
3648
3288
3457
2822
2873
4875
4373
4775
3952
3456
4311
4621
4713
3735
4098
2972
5979
4398
4929
4525
4363
4624
4897
4238
4142
2454
4222
6243
4857
6088
6304
8362
7262
6893
6755
6275
8999
9674
8226
8165
9624
11885
7522
3776
3970
4918
2597
6519
7626
7462
6016
10089
8754
13948
8658
5836
3896
5911
4831
8734
6062
10258
5917
4541
6797
7311
4219
4610
4765
7873
6179
5601
3952
4041
5135
7446
6653
10208
5506
4065
4461
4220
4931
6658
5813
9231
6323
8454
6682
7505
8343
9713
6794
9548
7503
7582
6083
7145
6044
7496
9022
9795
8622
9997
6470
5947
7588
9241
7259
6545
7754
4558
4787
3685
5502
7460
7970
7021
8765
6537
3994
5105
5664
8016
4113
4968
7459
4927
4157
4405
5579
6300
4678
6936
8576
10808
6898
5984
10092
9036
7173
7281
11175
10495
7014
6486
11727
9397
6034
7135
10082
8605
7799
5911
8500
16941
12102
12756
16987
12977
9621
9485
10366
17508
12582
13874
15232
13460
10070
10129
14941
10385
7849
8779
11095
18510
11685
11672
14478
11552
9485
10149
11520
8136
5748
6447
8565
8778
4651
6638
6371
8116
5935
6869
6081
5339
4509
6740
9053
8968
3994
3897
7426
7317
3890
5568
5072
6478
3898
4254
5642
6758
4563
5610
9508
14765
10940
9535
14636
8207
6336
8247
8131
18351
11413
12995
15009
10433
9003
12172
16104
9136
8190
7116
9861
3028
4104
2895
2831
9951
10109
9261
8365
7166
9626
6010
9824
7293
5871
7379
9675
4147
2653
4105
3928
6564
6523
5816
6979
3331
4233
6274
8005
5625
3896
3414
5554
4717
6109
5087
5626
4894
5774
4468
5814
4888
4500
4333
6539
9644
7481
4488
8838
7315
5701
6487
7231
12259
12263
12479
11007
6798
12341
9957
12668
11451
9795
11750
9592
7520
4140
6567
6485
8816
6559
6530
7291
8741
5854
10278
11318
8806
5871
6797
7682
4553
3657
5650
5344
7780
6438
8819
7319
5621
5353
7921
7287
7509
4311
4438
6741
5093
3271
5635
5094
4499
3790
2791
5301
6032
4811
6228
8067
14305
8660
8360
12812
10441
4009
8031
8557
13788
10770
14182
12803
9323
10807
11439
12182
10645
8389
6882
11288
8019
7252
6688
8289
9667
7550
6465
8923
9144
9474
8817
12326
9737
5748
6059
8855
6566
3491
4233
5423
6249
4991
5332
6132
5760
4876
6972
8493
7700
4799
4054
7863
5313
4921
4035
5905
6655
5185
5510
7516
6345
4597
4584
8043
13404
9443
7429
12059
11460
9198
8282
11710
15166
9981
10653
13161
11268
10557
12072
13329
21567
15159
21177
18395
14029
10120
10051
12842
12421
8624
8875
11207
17999
12103
17232
15591
13498
8389
11869
10724
13405
6627
9212
11682
8608
6659
7333
8170
12034
7371
13435
14121
12575
6470
8181
9982
11215
6247
6047
9524
6045
3481
5077
7453
10451
5202
8357
10204
14679
10095
9303
14186
18358
10522
11631
15309
12467
7819
9862
9738
19970
13121
17279
17506
18123
16877
15766
17341
8253
12152
9115
8588
13040
14807
13562
12573
12709
19210
13563
16927
12340
9795
15312
15526
7745
4794
6430
6696
5935
7497
7377
9312
8006
9842
16162
14662
10173
9624
7987
12319
7295
9283
7038
7597
6090
8794
6156
8825
9616
10827
10133
11864
12863
12056
6755
12488
11325
10552
9282
12474
13443
13073
15810
12786
14511
28025
20042
26059
19439
16877
22735
17006
13219
11577
12593
10315
9738
9689
8976
9992
20864
11732
25780
18773
12607
8190
14200
11728
10942
6693
10665
7291
6435
7428
7775
7552
11291
10967
18325
14580
13561
6806
8942
11641
9619
6600
10388
8501
7286
5496
6008
9224
15677
10844
19284
16279
15737
11553
14242
14199
11606
9002
10554
10493
8850
8594
9541
10119
16049
19307
24455
20209
20664
15159
11245
19197
14682
13994
10348
13699
11527
11177
7150
11526
15541
16721
12931
20354
17849
10070
13067
18538
12973
6692
7617
10507
8743
6966
6947
9271
13747
12269
15989
24579
19708
11269
9977
19972
12881
8835
7656
13159
10669
8366
7162
15697
14006
10969
10429
19967
21958
15776
13265
18454
19088
12345
9682
18930
17176
12840
11933
15899
21519
19105
18765
17236
33926
21519
23336
34987
23206
14403
9756
22088
26889
13349
11932
16979
27027
22661
18776
29956
23486
11268
12400
18292
19594
8909
7665
16137
12535
9558
7656
14811
14831
13816
12300
22654
42581
17508
18147
30881
21954
11286
9338
21737
17310
11210
8203
23146
21763
13108
9408
26190
24463
17234
10158
24421
24933
15452
8568
25795
19512
12381
15570
16321
25174
20988
13505
29742
21870
16049
11746
18525
10971
14091
6253
11024
14172
11717
9208
13396
13938
18306
10367
19980
16447
9323
10659
15181
11523
6014
5747
10238
7156
7155
4285
9522
7173
9063
9212
15244
13819
7496
7562
13046
8590
7823
4249
10273
8132
6908
5077
11557
9590
7859
5843
14043
14239
12842
4799
15052
12997
9678
5980
14679
12580
10432
12432
13190
15800
22012
11452
23284
26411
14511
15992
18657
8509
7993
4593
9720
10397
7008
5615
8826
12769
7316
10629
18308
13025
6798
8511
11486
8349
5165
4429
7960
5723
5394
4133
8275
7377
7781
9121
11277
14340
6275
10823
11900
7936
4072
4458
8810
5576
4462
4184
8514
10288
7247
6242
12979
14191
10422
6270
16756
11296
7295
4750
13837
8093
6540
7929
8815
15800
16418
10324
22366
34467
19970
15669
29109
16102
15414
8428
19323
16461
12864
8511
17393
20261
21766
13997
29168
20813
10433
12088
21093
16340
7157
6085
13968
8713
7435
5868
11569
11254
12446
11418
22662
28169
13227
11908
24158
15787
9587
7246
19066
15259
12391
7024
20232
16634
11877
8062
22674
20842
14211
7261
20654
18491
11424
7250
20325
17704
12328
11267
15377
25174
23083
13510
31339
22559
14006
16575
17892
18566
11004
11435
14726
16051
10254
10242
11809
17037
13025
13514
15265
12442
6345
8563
8793
17206
6908
8431
11797
7767
5222
5510
6593
9805
6448
7963
10017
19532
9397
10068
14244
16621
6893
8275
10714
12794
7462
6952
13797
14746
7273
7844
14987
12619
9479
7469
13136
21409
9071
10299
15481
10315
7330
10383
8415
16634
12181
12106
17068
18375
15677
12683
16489
9849
14867
8262
11159
16313
14212
6631
16583
13317
19520
9136
20811
9572
6032
7461
11833
7424
3115
3707
5460
5006
6175
4280
6071
5263
6834
7528
9501
11412
6658
5894
10322
7918
9238
5495
8287
7783
5292
4859
5223
9280
9554
6520
12251
11674
10418
5733
9374
8013
7798
4981
10092
13416
12822
7085
13114
10288
18464
12700
21195
10863
9616
11907
11609
8331
8130
7724
6799
8162
7562
5959
7273
12099
7091
9950
11121
7934
4888
7158
8396
9042
4809
6333
5994
4589
4419
4018
3006
5811
7047
8694
9775
9323
4525
4969
8083
7417
4125
7219
6441
4908
4709
3397
6029
9280
7272
7516
9701
8388
5693
5202
7176
8109
6022
5382
7216
7649
6245
6184
5853
9590
11564
10644
13878
19896
10451
9383
15916
14267
9466
7766
13307
9810
5986
4904
7287
13776
12705
9969
17592
12107
6758
8446
12105
10310
5015
5568
10288
5523
5334
4657
8884
8891
6743
8973
14672
18026
9141
8092
17079
12526
7495
6755
15914
13928
9038
6268
18076
14746
7718
7527
16297
13356
11424
8836
14023
20031
11970
9816
22126
13668
9860
10268
12850
21763
15544
14283
21213
22883
13747
11884
18890
12485
11498
7503
12676
22384
12520
9851
15155
13864
12816
8887
15524
10801
5760
5812
9168
9988
5789
4269
8039
7849
5050
4920
6044
5417
5401
4597
11641
16753
6300
6815
12269
9827
5365
5004
7222
10553
5410
5062
9192
8891
6102
4283
13292
19959
12614
9406
16053
7047
4852
3745
5940
17162
10810
10261
12254
11254
11739
8457
19674
13970
11291
8407
14196
7312
10395
5236
7507
12603
11330
7998
10385
9801
13007
5216
14581
8199
5621
6419
12714
6565
4438
3147
4733
4985
5650
3350
5662
2808
5695
4999
9356
7783
4610
4129
8307
4723
5617
3600
4689
5446
5994
3517
6856
5811
5617
3424
8557
13727
9328
4866
9215
8062
7095
4644
9047
10011
8952
7613
9647
7377
15081
9035
17282
7942
8006
6066
9472
4658
2693
2883
4823
8571
5889
6316
6695
8105
5206
4458
10687
5489
3331
3584
6361
3998
1999
2312
1973
4198
3453
3714
4643
2808
4356
3298
7672
6506
2822
3284
5624
3845
1826
2397
3930
4061
3103
2054
4177
5263
6511
3111
8379
13280
6955
6322
10643
6894
2471
3697
8048
9205
7566
7284
9595
7173
8967
6796
12850
18571
12034
10259
17798
8484
9476
4720
9323
13072
9716
7119
12389
11614
13009
6936
17962
9584
5339
6208
11240
7632
3756
3022
6925
5187
4248
3933
6884
5417
6032
5980
11774
12079
6228
6226
12467
7258
5425
3687
9563
7031
4888
3748
10664
9805
6206
5132
12120
15326
11565
6660
13384
12120
9899
5686
15156
13581
9767
9441
13687
14831
14506
9976
21008
25728
15541
20758
23594
14691
11588
8960
13025
12034
8951
8996
12486
24997
16020
17106
20372
15096
9144
11037
12901
13185
7003
5898
9640
7560
5939
5618
6865
11614
10843
10767
16582
16597
7460
8690
13760
9619
5584
4684
9103
6372
3735
4159
8197
13776
8239
7534
13922
18357
10603
9518
12403
17363
11631
8894
15243
14799
10088
10755
11458
20261
17260
15364
24920
30126
20864
19911
27933
11578
16458
9010
12830
16504
14516
12104
15645
18078
21764
12952
22882
14713
8741
13210
16022
10651
5822
5079
7095
6906
7219
5974
9189
8105
10744
11126
15348
16015
10089
8766
12321
8396
9328
6183
10050
6641
7361
4568
10953
12099
10424
9047
15160
18637
15125
8268
16001
9609
11905
6602
14279
14465
12907
13221
14094
12769
23898
15470
29627
24172
12709
18706
17592
11877
9487
8518
11112
9263
7991
6715
10477
18078
8251
19205
19366
13652
7166
11830
8714
8949
4491
5940
7149
5665
4965
5095
7862
9801
8370
11500
14744
18258
7751
8681
14392
11231
4380
7356
10898
7893
5177
5328
10566
13317
7934
11872
14553
11777
8855
8693
13379
10026
5701
5530
9564
7289
5822
7557
8177
13938
13125
14030
18472
34704
17999
14669
28507
16807
15723
9343
18653
15190
11359
7586
14562
24997
20780
17251
30769
23541
11552
16211
22060
16345
7673
7218
14999
9188
7803
6355
14198
13864
13523
14763
26281
28521
15612
12902
29484
14938
9095
7413
17778
11829
8458
7077
18291
17037
10405
9639
23480
24104
15986
13155
23031
20205
13185
8511
24873
19765
13176
13384
18983
27027
22694
19608
37091
25399
17176
18082
24200
18619
11716
12201
18392
24577
13109
12657
17465
19765
17024
17821
21225
28673
15166
16876
21014
16512
9172
9479
12834
14741
9868
10036
14687
13581
10852
15948
19863
28757
12977
13206
18909
15823
8770
9602
13478
15957
11445
8016
16188
13668
10342
9850
18317
26361
18372
16312
25479
20173
11090
10325
17906
20373
12475
14139
15887
17704
14935
15732
23014
12172
8850
8423
10068
6661
7542
4211
6003
9818
7094
6838
7790
7289
8568
5810
9275
20434
13788
16816
19213
9859
5225
5742
8633
12812
8743
7346
11452
9205
7773
11816
18862
12792
7582
7706
10435
8009
6694
4602
8563
8341
6370
5127
9352
7649
6119
4177
11114
11481
8132
6415
10972
8219
5289
4338
5910
10651
7218
9028
8348
8093
10392
8438
11163
19087
13443
17108
15495
9667
8299
7116
8700
10530
6991
5922
9278
14465
8507
12786
16257
20574
12259
18949
16999
12532
5760
7018
8210
10504
8154
7595
11210
10011
6762
7573
19429
18685
8362
10557
16073
9032
6165
8042
9051
8244
6635
4579
12736
13416
9749
11316
15281
14786
12094
10616
14842
9445
5605
5312
7979
10651
7579
7674
9330
12580
14644
13805
16585
19468
12467
12299
20954
11769
11176
8095
12686
12394
8916
6623
12917
14799
15437
12588
20933
35326
18351
20145
27903
16073
8991
8183
11538
16489
11182
10779
15088
17162
11454
17347
26995
17584
9889
7734
16615
8808
7564
7060
9971
13284
10453
7772
13076
10315
9450
7495
15335
24831
16293
14013
22326
15307
10527
8570
14355
20373
13137
10995
15168
19512
18502
17438
26630
15174
10669
10668
14283
12839
9053
7501
11557
13571
8781
8353
10764
11829
11183
8999
12453
10520
6655
6971
9249
16608
6040
6725
10616
8356
5849
6029
7075
7031
6755
7363
10846
22160
10495
10090
16766
16498
8580
10443
11469
10530
8044
6213
9879
13928
9348
8478
18401
14350
10988
8833
14910
18450
9548
8995
14531
13284
8724
7351
12487
15259
12480
12673
20471
8599
7286
7273
9788
6749
5167
4361
6723
8288
6540
4723
7614
7893
7526
7023
10431
6684
4499
5210
6813
3520
1139
2473
3523
4423
3672
3774
4437
4061
3535
4646
6780
6482
4065
2932
5762
5310
4854
3243
5204
4779
5479
1729
5120
4908
4474
3644
6415
5861
4292
3043
5039
5131
3956
3162
5314
8244
5738
4754
6538
5576
6537
5437
8918
7354
6090
8554
6089
5777
4093
4013
4844
4986
3608
3661
4292
6641
4243
6540
6885
8860
4894
6606
7255
8189
3907
6160
5870
6426
5258
1562
4910
5446
4232
6656
8089
6338
2972
3926
5934
7886
4830
7630
7228
4779
4919
3930
6592
7783
4677
6892
7913
8722
5216
4864
8098
8770
4303
4927
6987
8341
4325
6609
5378
8132
7031
7385
9413
11483
6045
5993
9196
8022
4727
4299
7784
6120
3519
2278
5333
6372
6202
5736
9350
13592
6478
8023
10406
10060
4356
5034
11854
7743
5706
6452
8917
10553
5626
9251
15127
19107
9316
8793
16462
12155
6603
7413
13888
10530
7297
5932
9971
12794
6724
8373
14414
12951
9229
7350
13799
16056
7544
8813
16525
15957
8479
9759
12341
17310
10650
11461
18719
11814
8743
8744
10894
10899
9383
8460
11360
16188
10691
9548
11994
9188
9378
8212
9990
11283
6249
6403
9081
10121
5250
6644
7757
11115
7994
7552
7477
5187
4628
5887
8903
10329
4927
4083
7542
7985
4412
6322
5481
7743
5108
4275
6577
5523
4729
4351
8998
14494
10188
8965
13544
11194
6829
5013
9350
16489
9496
10287
12935
8713
8472
9412
12658
9000
6435
6506
8209
5024
5316
3700
4449
8275
7097
5510
6194
5665
7972
4734
7944
12230
7780
10973
11768
7756
4225
6186
6767
10171
10822
8184
10161
4198
5119
7495
11647
7373
4541
4328
6742
7084
6829
4343
7282
6426
8586
4905
7854
4589
4875
3822
6965
8194
6274
3370
6990
7335
4306
5140
5461
10504
8375
8747
7498
5723
9804
7248
9937
7204
5935
6963
6574
5289
2745
4449
4011
6233
3740
3858
4983
6906
4991
5985
7804
11083
6564
8036
9466
8407
4729
5286
7679
10171
8271
9729
9182
4985
5127
6639
10104
6261
2900
3730
6345
5241
3454
5210
4020
4423
4170
2599
5342
5006
5545
4920
6740
11705
6182
6732
9667
10034
3327
6524
6899
12812
8242
8399
9230
7156
7007
8149
9978
14503
8608
9855
12069
9126
6143
3404
9072
10306
6630
5712
9571
7560
8997
8961
13678
16703
8116
10370
12726
10650
4476
6083
8083
11115
8417
8179
12478
7849
5524
9407
13750
13340
7011
6284
11879
7390
5267
4746
9651
8356
5993
4654
11346
7767
5478
5041
9886
12770
9388
6902
12863
13225
7524
7728
12986
14741
8733
9607
12678
12535
10835
11021
14093
19136
11527
17652
19147
11606
6664
6728
12210
10444
5428
6374
11597
15190
8292
13948
15424
17756
9667
13327
14199
13398
5933
7607
10891
10306
5908
6606
8741
13072
6875
12905
15315
9440
4558
6152
7806
8297
3553
3957
7884
6120
2808
3669
7200
9810
3799
7116
10609
15055
8795
8234
14423
14783
7062
7710
12759
12394
6417
8570
8925
16461
9517
12937
15990
12308
9738
9960
12439
5188
8182
5321
5607
7978
7927
7372
7068
9263
11645
6288
11169
12320
8816
11856
13413
6705
4426
4266
6071
6233
5634
5727
7399
8571
9382
11581
16671
8674
6519
1967
9721
5205
5860
4160
5684
4986
6438
2946
7089
8162
7996
6409
10329
13093
10146
7618
11279
7547
7548
4278
8395
10530
9330
9581
10520
10397
16391
12233
20438
17341
13040
14591
16071
9414
9284
7863
8705
7978
7383
5925
8930
16504
8643
15291
16686
17563
9951
6280
16026
11652
5605
7513
8268
8275
6936
7028
9577
12603
10326
18807
19044
20467
9455
11437
18152
9857
6777
9618
9939
8288
6274
5509
11311
16313
10882
17356
17628
15419
10681
11724
15418
10031
6209
5513
9022
9818
8173
6673
9502
14172
13642
15190
18015
17849
12421
8355
15864
9919
13509
7931
11453
10444
10758
6729
9052
12034
15410
9759
15772
33767
18510
22124
30680
23179
10534
11233
18163
16188
12644
14237
19074
22384
17764
26348
40465
23748
14047
12841
23214
13141
10846
8445
15735
13571
10854
7297
17683
16051
12142
11313
20893
35193
21317
21663
30943
22173
12411
10296
26355
24577
14335
14465
21769
26889
19597
22552
37483
31425
19088
16148
26259
17965
12093
10405
19060
22173
14182
9892
15870
20205
20778
17759
26784
23023
11460
14090
17152
17334
7941
8088
13220
13225
10256
8288
15219
12120
13512
15648
22037
41957
16941
16481
29703
21137
11813
11224
19234
16056
12263
7994
22180
20031
15184
11192
27144
19063
18780
10337
25182
16901
10950
8406
17733
15307
11895
14427
14096
18491
14093
14527
24495
16192
11606
10744
13116
8005
8936
5282
8177
10031
8283
6680
9097
10026
12023
8939
15663
15684
10441
12701
14267
9775
4276
6779
8977
10034
8524
5524
11723
6894
6741
10745
14316
15895
9713
8676
13631
8496
7432
5293
9780
8770
8851
5913
12249
8109
4785
6048
12954
8314
9605
3098
11354
8135
5673
4643
8372
9445
7357
10191
8770
11296
14908
8994
15612
16057
11325
12842
12784
6459
4225
3590
7026
7547
4890
4137
6306
9609
6497
9076
15072
14833
7315
10441
11639
8638
2144
5124
7333
7335
6968
5034
9336
8062
2940
6744
12751
13729
6243
7003
11524
6143
3764
4457
7042
5131
4400
3494
8595
8013
5730
6731
10504
10255
9212
5769
14182
8135
4566
4379
8165
8219
5461
7854
7414
12997
13835
10535
17478
29376
18358
17464
26644
16173
14127
9391
18995
14783
12214
7700
16898
17363
16868
16908
29894
13633
8207
9755
11135
11686
5727
7151
9753
11194
9508
6756
10550
7047
8788
11001
15275
36252
17590
15812
32070
18888
12287
10984
20743
18450
14017
9564
26273
21409
13675
12389
28586
17425
16516
7268
23218
16901
9962
8762
17898
20173
14289
14962
16374
24933
23383
17169
28685
17849
12881
11467
14976
15460
9148
8156
13964
13141
9521
7292
10491
14938
13251
12842
15583
10517
5313
7465
6744
14569
5035
6456
10544
7390
4671
4549
6713
7258
4618
6935
8700
17374
9036
8822
14589
17361
6753
8068
9973
12155
6972
6264
14144
12526
6421
6516
13299
11077
9881
7120
13281
18888
8476
8397
15080
8808
3345
8261
7556
15787
10411
11111
15672
11280
9619
9985
10908
7223
8493
6035
7405
9857
10095
5638
10897
11231
12437
9699
16747
6652
5093
6908
7296
5485
2452
3702
4715
5241
5170
4919
6383
3845
4758
7430
8024
10527
7446
6593
10583
7332
10249
5909
8882
7886
5264
6191
7703
7417
9048
6123
11133
5062
5467
2694
5542
6143
4711
4461
7065
9032
7079
5614
8208
7936
11720
9731
12524
7758
7295
8189
8135
5298
5326
4850
5001
5205
4787
3639
5048
8396
6345
7645
9114
7872
4717
6748
6062
8946
5179
8043
6847
7084
5329
6237
5616
4723
6437
8319
9603
8837
4621
5090
9067
7332
6278
8005
7485
5310
5291
3540
7512
7918
6321
6500
9214
8849
6129
4967
8429
8496
4999
5795
6925
8009
4838
5792
5283
8590
9645
8458
10675
19230
11215
10732
14856
12268
8189
6141
12495
8297
3346
4224
7872
9619
11116
8376
15258
14955
7317
10204
11751
11739
4676
5636
11183
7985
7150
6228
11139
9827
6556
10110
15707
23157
13022
10620
21982
17361
11730
11000
23880
16498
13055
8178
22208
16621
10291
10055
20189
10620
10268
5899
13036
21137
11449
10303
22613
15823
10737
11781
13938
21954
15850
13925
20866
20655
12973
15103
17403
17640
8931
10349
16053
23179
13365
10846
15284
16345
12012
13680
15151
13127
6566
8593
9517
7161
3940
4393
5664
10650
7066
6496
7387
7632
6032
7871
11137
17409
8016
7464
13516
11739
5415
6502
8057
10060
6332
4861
8665
10310
6804
6305
13268
15791
11089
8008
17798
11686
3106
7457
8804
16073
11344
12138
11633
16340
13452
13766
19622
14433
10942
11493
12892
9404
6905
5999
7909
11652
9187
7643
8457
8949
11101
7676
12904
7620
4553
7407
6356
5396
3273
5040
4522
8407
7785
5683
6383
3998
5449
8187
9524
13035
8734
7658
13324
8946
3938
7938
9555
8189
11563
6469
12004
9042
8118
7545
12304
11190
8373
4115
9274
8638
5296
5742
8109
12532
9332
10892
8369
8349
12558
9982
12143
10269
7745
11746
9142
6602
2696
5379
5655
6705
4402
4260
5300
10651
4776
10633
10024
8617
4147
6587
6599
5396
1117
4671
4617
7756
5991
6345
6364
6565
2763
6967
8890
7311
3782
4793
7322
5485
2754
5013
5373
3520
2993
1340
4194
7424
4594
6514
8078
10509
5990
6792
11607
9775
2909
5523
8760
9859
6374
7931
8453
11523
8887
9996
10671
25457
13405
15191
20566
14583
4489
7738
15712
13398
8843
6302
13032
13185
15600
13776
22612
17326
8778
13608
13382
7161
3211
3815
6291
10121
8296
7290
11277
9988
6369
12508
16313
22686
12173
11049
24343
14569
8186
8445
18439
16608
12321
8141
23636
17206
10525
10707
22101
14144
11607
8458
17400
17334
10052
9680
19410
16512
11799
13616
14502
19594
15054
14669
19349
18866
14682
13780
18767
12705
9951
7287
14537
9919
7879
6721
12238
16807
14202
13774
18469
13357
8019
10031
11147
14583
5951
7146
11177
9126
7154
6659
8720
8484
9752
11162
15594
18315
9241
10526
16869
12268
7037
6280
12259
8022
5730
5021
13207
14267
9319
7466
17357
14576
10497
7691
15414
16173
9304
8336
16056
11769
8502
10005
10214
16102
16958
13161
22224
13676
13219
12079
15342
6846
9325
5896
6829
9414
8149
6483
8160
11877
12788
8051
14665
9228
7520
10018
11039
6602
3253
3933
4838
5289
4717
4970
6008
4658
6710
8002
10720
10653
3776
6492
12095
5298
7492
4891
6499
5777
7317
4474
8520
8331
8175
5726
9693
9490
8168
4877
9007
6459
7040
4665
8262
9667
8854
8017
9094
8509
13472
9396
16440
11107
8253
11087
11123
6846
5665
4548
6253
5188
4389
4122
5875
11578
6335
11641
12402
9377
3028
8835
8799
9404
3332
5222
6674
5024
4761
4532
5966
7312
6349
9790
12192
10941
5994
6669
9789
7223
3937
5498
6931
6749
5239
4150
7349
9849
7147
10093
11453
9505
7709
7100
11829
8005
4461
4599
7583
6661
5131
6253
6513
10971
9912
10853
13738
24745
14029
13704
20788
12705
11791
7648
14944
11606
9430
6288
11219
14691
15596
9861
22569
20946
10385
16384
18010
17640
7902
8883
16104
10899
8928
8438
13369
12485
12529
14505
26545
25674
16302
12899
26855
15460
10194
8425
19419
12839
10451
7740
21207
18566
12820
11552
26996
19556
15335
10686
19868
17965
10621
8191
22125
18619
12771
13259
17939
23206
18803
16437
25089
38347
21958
24102
31629
19556
15133
13210
18367
35193
19305
17471
21396
24104
23818
20910
28823
23322
13404
16932
19609
14144
10109
8218
10962
12770
8993
9236
11034
15326
13362
16214
23758
22599
8605
9972
13313
10620
6786
6398
9522
12951
7031
6079
10221
13356
10194
9363
18918
32639
17850
18550
26838
17425
12533
9170
16504
24831
14969
16217
18423
20842
18449
19255
31963
21946
15737
14261
17329
9505
11677
6028
9994
15419
10883
10582
13301
11777
15082
9599
17463
21113
14305
17551
21653
10509
5908
6010
8760
11705
9674
7125
12858
13280
9927
15864
23758
14525
8454
9277
12779
8849
6570
4023
9223
8722
6422
5328
10334
8388
7478
7867
14417
18408
13311
9549
17391
10255
8744
5493
9760
14786
11577
12789
13201
14191
18484
13958
23418
22250
12863
18425
15236
9490
7225
5917
7371
13093
7366
7933
9280
18637
5595
15064
15620
17876
9644
14425
14090
11190
5162
4971
6300
8194
4837
6131
7091
13727
8504
11882
16863
10335
4238
8552
9597
5062
2153
4077
4932
5861
3165
3592
8611
11674
5482
10428
11120
18408
9310
13192
14739
8314
4942
4388
6948
11481
7170
7340
9919
14239
11460
13608
18212
27557
14679
13572
24731
14576
11272
7712
16139
15055
9116
6871
13989
18357
17716
16136
27365
34145
14765
19154
23780
15791
8515
8000
12948
14494
9643
8474
14131
19959
13089
17745
27001
23751
11372
10106
19959
11077
6872
5973
11896
14350
9333
7804
13937
12619
8606
7869
18028
32639
18933
16443
31199
19063
12612
9073
18520
26361
13428
13565
17373
24463
20396
20365
35783
29642
19708
21603
26335
25674
14630
14841
20912
23748
13298
13698
16554
28521
18459
19353
25467
13535
7700
10139
10194
22686
8948
12248
16083
13340
8464
9090
9719
12079
7416
10904
13189
22467
10808
10288
17480
23157
10969
11682
15867
19107
9981
10260
16781
18026
9490
11604
20361
23751
14141
13067
22221
36252
14656
17504
26340
17584
10760
14035
14699
28169
16707
19926
31559
17051
13561
14113
15178
10941
12338
8268
11041
20467
14985
10306
17776
18258
17841
14335
22501
11297
7509
8889
11207
7311
3340
5138
6166
6261
5927
5741
6612
6506
5405
8527
8846
8486
5601
4724
7865
8837
7609
5507
8023
6338
8335
5986
9361
9323
8713
8129
11592
10335
7528
5538
8085
13729
11436
8754
14252
18685
13198
10782
14945
14340
15957
15322
20029
10760
10173
11690
11149
10653
8474
9696
8374
8674
6813
7115
7931
16015
8871
14916
14185
10030
5625
7715
8008
13035
6864
10502
8693
7373
6574
7483
6110
7783
6095
9900
10444
8486
4775
5917
8908
10527
6856
9775
8746
6482
5131
5428
8031
11412
7955
11328
10689
14525
8090
9159
12221
15895
8378
11855
11630
12792
7838
8673
8390
13819
12724
14241
16357
25004
12575
11597
19599
18315
11886
9905
17671
9440
7451
6274
10828
16597
13529
11960
19939
18192
8968
11442
14405
17409
7359
8669
17178
10329
7296
7556
12111
16753
9644
15107
22899
22467
11805
10261
20600
17374
10323
9778
21654
22160
11925
10472
21653
19532
10235
11633
22568
22599
16141
15915
20917
41957
22389
22602
41828
28757
16852
17835
23350
42581
25774
28509
44939
29573
17849
17837
25057
20946
14300
13193
19667
33767
19196
17020
22445
23541
17134
17182
23732
18954
9737
10964
14664
17326
8975
10192
12754
16703
9383
11272
10200
9584
8200
10147
16670
18192
6537
7371
12346
14955
7375
8876
10217
13592
6978
7463
10295
12107
7888
8546
17744
34145
19427
18139
27127
13633
9683
10183
13422
35326
19454
21240
24889
20813
16861
20096
31226
17210
12607
10515
15788
9377
10342
6259
8326
17563
13766
12311
12575
13652
15087
7942
17636
13564
8806
11076
16314
8617
5015
6482
8039
11083
9255
7107
10713
5489
6275
8079
13382
10030
5836
5269
9015
7872
7327
5738
8800
8860
7746
6273
8717
7934
7152
6053
11311
17876
10941
7005
12042
14833
9657
8823
13575
20574
16592
14892
16635
13025
19224
15888
23154
17189
12340
13628
16746
9228
4528
6209
8320
12320
7269
7389
9513
14713
7720
12186
18377
13564
7293
9461
11474
7620
4345
6425
8055
12230
7131
9197
9938
8199
6771
9446
13276
11297
5134
5647
10868
6652
3399
5655
6947
6684
4714
3270
7766
9572
7239
8138
12037
21113
11507
11659
18946
15684
5339
9481
14215
20434
13164
16906
16606
16447
15675
16429
22491
22797
13498
12462
20514
13357
10608
7709
14883
17756
10833
9688
15746
15096
14627
11531
22856
18954
8136
9624
14949
13127
5981
6178
10666
11283
7438
7828
10754
10801
7841
10286
16269
13535
6659
5950
13368
10517
7244
5816
12523
10520
6810
6656
12685
12442
7866
7813
15458
23322
13476
11720
19674
23023
15280
12431
23299
28673
16819
16896
24056
23486
19564
20386
30695
40653
20664
28085
35533
24745
13617
12593
25343
17849
10314
11204
18936
34704
18706
23880
36484
22797
10645
14946
17708
25457
10150
12932
21330
14503
8438
9144
12030
18571
10276
14733
23857
25004
9997
11901
20562
19230
9160
8380
19077
11483
5275
7034
14120
19896
8467
11708
21852
27557
15841
14845
27381
29376
13922
13979
26454
19468
10253
13349
14401
34467
18770
22616
38039
29022
19439
15551
26304
11107
15639
9617
12232
17341
15704
13744
16538
24172
25602
15193
32862
17189
11451
15491
22003
10269
5872
5630
8032
7204
7380
6531
10179
7942
13286
12748
18961
10760
8165
6785
14485
7758
9131
5874
8854
7354
7522
5787
10603
10863
10764
7465
15974
22250
15912
10169
19073
16057
15352
9054
19629
19087
15390
15936
18931
26411
36224
24467
48575
29022
18123
24851
25292
13676
12284
10816
12292
12308
9947
9566
12928
30126
12005
27256
28935
17210
9136
14837
15990
14433
7119
8248
9654
9000
6774
7443
9165
13970
11347
17380
21518
17051
7267
10200
16276
11280
5998
8899
10582
8599
5115
5637
9893
18375
11315
17891
20718
21946
13114
15039
20934
16192
9106
9038
14003
12172
9744
9886
13173
21870
20227
24247
31786
40653
21567
17106
36704
18866
19431
10764
19909
19136
15137
10743
18204
25728
23583
15520
37735
29573
13460
18402
31485
20655
8504
8215
16608
11814
7956
8133
13410
22883
15870
19395
43053
29642
12858
12938
29422
17849
10949
8823
19361
15174
9579
7975
19494
22559
13029
13548
31350
38347
19279
20615
35525
31425
14952
12220
35581
25399
15401
14687
25623
33926
21477
20203
19851
