384549
263978
289311
361493
270482
190515
169945
255507
362027
216787
200509
238088
314794
274149
260324
322787
322810
179180
214173
257309
233191
127793
125047
181403
177634
138205
130996
181921
196597
183332
217223
290415
432948
191250
197999
296207
230207
145531
135697
209547
196957
148497
108566
223576
231042
166383
143339
290415
330223
242930
184117
323986
277924
174812
144444
248729
267980
183915
217159
208488
270254
221000
220860
322787
262486
214514
192170
213586
130831
160179
94697
125246
179205
151246
140295
153510
161943
205402
142223
208488
246102
170476
209272
228111
135564
75940
90762
118869
132048
118756
89367
140689
127748
115596
172747
223576
186593
126335
119732
167196
115882
116498
76663
128788
108502
114872
78705
140689
124798
107340
103233
181921
173680
157909
90779
182419
148458
109293
93268
144739
173529
140892
172252
153510
181109
239202
172778
238088
332522
231546
307485
243725
141422
136177
116311
136138
169335
121701
118764
144739
236880
127675
227532
248729
234742
146962
217686
196075
144901
82659
104615
112872
114910
115181
104206
128788
150984
111034
158129
209547
202921
100995
142340
162124
112990
81944
105441
112872
87551
81581
66172
118869
177172
120484
160611
181403
215320
153508
153900
213715
145770
93680
93569
136138
134104
102414
117000
125246
211457
217725
202881
255507
340724
211846
182615
305064
206986
181026
131507
213715
180035
140786
95660
182419
228927
242909
202290
323986
335672
186282
218124
287180
198114
103905
110187
162124
168041
134524
113815
167196
181230
160245
203139
296207
321396
173497
144904
287180
173167
127357
111331
196075
203351
160122
120428
228111
193425
146341
121034
257309
316471
220805
169491
305064
254690
162478
139127
243725
280281
190911
170938
213586
304231
266855
239478
361493
274559
200728
215492
239478
257405
165159
161212
202881
231827
168571
163468
172778
241969
197326
195557
220860
155870
93030
116910
121034
241140
100173
129135
160611
124096
93473
96470
103233
122527
90306
122569
143339
254442
136822
133181
203139
249853
122884
142801
158129
169774
115995
103831
172747
188629
111766
122569
217223
193559
149884
125216
202290
308997
147904
166174
227532
172407
108871
142264
142223
243313
178355
195557
260324
185100
166161
161031
170938
119013
150275
105384
117000
189268
172642
113785
172252
159591
192965
142264
217159
115027
83612
106389
120428
80504
36595
61444
66172
75916
80000
72497
78705
66895
74879
103831
108566
130451
94249
82591
113815
108323
126346
86041
104206
94231
101226
72497
89367
104916
110387
96470
130996
108883
97207
58562
95660
112508
92842
91103
118764
167928
140348
113785
140295
128111
185512
163468
200509
148144
143622
183868
139127
115213
111367
119702
93569
102150
98658
91103
93268
157402
115561
166174
144444
123934
81241
117495
111331
148362
91044
144841
105441
96544
103584
86041
76663
88684
95904
142801
135697
124432
70349
79764
110187
128287
95641
144841
104615
74402
80495
61444
90762
125987
100689
129135
125047
142658
97964
103690
131507
146595
93280
119702
116311
124636
92560
105384
94697
141871
155729
161212
169945
223154
126514
115644
169491
173190
122804
103690
153900
102779
69613
58562
90779
141441
148130
125216
184117
170484
92862
116820
144904
144726
68760
79764
142340
98390
84466
82591
119732
132343
91013
133181
197999
238336
135377
116820
218124
170275
117473
117495
217686
191327
140952
106389
209272
181600
111575
116910
214173
175932
147094
115644
182615
300539
180929
183868
307485
225309
158122
161031
192170
303776
208838
215492
289311
289428
195829
208838
266855
223957
157810
155729
217725
337297
210808
185512
239202
225578
175084
178355
221000
170121
98918
111575
146341
155736
87908
100689
120484
153927
104235
110387
107340
103164
87841
111766
166383
205325
91426
91013
160245
152168
82282
95904
111034
139179
85562
74879
115596
134277
87841
90306
183332
261636
180723
148130
242909
157169
95673
115561
127675
273012
179230
192965
205402
199349
175084
197326
274149
193227
166678
158122
190911
110599
132887
92560
102414
175458
166234
140348
140892
135896
179230
108871
183915
144428
104900
140952
160122
93397
62982
80495
81581
125459
131830
101226
114872
63191
85562
115995
148497
132235
97745
84466
134524
107765
111357
103584
115181
94322
131830
80000
118756
101915
104235
93473
138205
160889
125955
69613
140786
126638
94380
98658
121701
183544
166234
172642
151246
124807
210808
168571
216787
180176
157436
180929
162478
107508
59886
93280
93680
139078
94380
92842
109293
155946
95673
147904
174812
149296
92779
117473
127357
99585
56683
95641
81944
135484
111357
126346
116498
94343
82282
122884
145531
114685
59779
68760
103905
88079
56683
91044
82659
69196
62982
36595
75940
105270
87908
100173
127793
210004
118495
122804
181026
157404
59886
111367
136177
187726
132887
150275
160179
153948
157810
165159
190515
247520
163140
147094
220805
158067
118495
97964
153508
172510
125955
97207
157909
159704
180723
149884
242930
195729
107979
135377
173497
123236
59779
70349
100995
121534
97745
94249
126335
110550
91426
136822
191250
185760
107979
92862
186282
117479
92779
81241
146962
132689
104900
83612
170476
139823
98918
93030
179180
227404
163140
126514
211846
222617
157436
143622
231546
239309
166678
166161
214514
225920
195829
200728
263978
350802
225920
303776
304231
221621
153948
141871
211457
187259
124807
128111
181109
298910
199349
243313
270254
233968
139823
181600
193425
223893
105270
125987
177172
144196
101915
104916
124798
182495
134277
188629
231042
222572
110550
132343
181230
163238
94343
88684
150984
102472
63191
66895
127748
182495
103164
122527
196597
254862
159704
141441
228927
283168
155946
157402
236880
213527
135896
159591
161943
298910
225578
241969
314794
289437
239309
225309
280281
126415
187726
124636
134104
183653
183544
167928
173529
213527
273012
172407
267980
177679
132689
191327
203351
115986
69196
74402
87551
87674
94322
94231
108502
102472
139179
169774
196957
165490
121534
98390
168041
102032
135484
96544
114910
87674
125459
75916
132048
144196
153927
124096
177634
191372
172510
102779
180035
137464
139078
102150
169335
183653
175458
189268
179205
187259
337297
231827
362027
300092
222617
300539
254690
162812
157404
146595
145770
137464
126638
112508
148458
283168
157169
308997
277924
200966
117479
170275
173167
157553
88079
128287
112990
102032
107765
108323
115882
163238
152168
249853
230207
238971
123236
144726
198114
157553
99585
148362
144901
115986
93397
80504
135564
223893
155736
241140
233191
210594
158067
173190
206986
162812
107508
115213
141422
126415
110599
119013
130831
221621
223957
257405
270482
373335
227404
175932
316471
210594
210004
142658
215320
191372
160889
108883
173680
254862
261636
193559
330223
332447
185760
238336
321396
238971
114685
124432
202921
165490
132235
130451
186593
222572
205325
254442
432948
332447
195729
170484
335672
200966
149296
123934
234742
177679
144428
115027
246102
233968
170121
155870
322810
373335
247520
223154
340724
300092
180176
148144
332522
289437
193227
185100
262486
350802
289428
274559
384549
