95467
76627
99145
113295
83536
55530
47472
77434
106521
58891
59194
64697
106422
79661
79320
96086
94133
47229
58067
71051
68667
34914
34419
52511
48484
36761
34150
50545
60322
54294
58385
82503
141803
59198
64916
96106
72597
42110
37620
64459
58140
41530
31479
69357
72809
44960
38601
81717
101009
69190
48877
95713
94171
55499
43986
80492
82082
52201
67233
58804
93108
71367
65931
92372
98131
80021
65760
78893
45475
57614
31979
44112
61019
52193
46254
54705
59568
74401
49420
73911
71043
43754
54508
63883
41080
24373
26654
35681
32291
31702
22996
38058
35787
35616
48475
61516
57142
34937
34282
51272
37368
37343
23898
39593
31961
33250
23531
42253
45676
39542
38680
58022
57519
52018
28360
58694
54845
39501
32952
56032
57615
47051
59631
52924
64909
85382
58405
81717
135677
88638
116557
92069
47817
52717
42020
48692
59462
43773
41922
52840
81764
44373
83003
87061
71291
41766
58494
58651
43032
32290
34288
35920
32712
33293
31086
38603
48775
43707
65238
51824
65651
33174
46702
51428
41911
28441
37801
40343
26468
25449
22096
34551
62647
42886
56523
61516
70052
46676
45005
69307
50810
33071
32170
50329
38086
30702
36932
37619
72548
72229
63131
82503
113892
67876
52166
96265
68446
62502
42617
69362
54906
44230
28924
56055
77808
84406
62873
98894
88998
47714
58120
83091
63180
30397
30606
50625
39255
33142
28286
43758
51125
52520
58019
87061
96362
48346
40222
83042
52982
38220
30664
62046
60883
49398
35789
71085
57989
43667
32919
73911
90512
57052
44985
77699
71607
44865
36618
67907
71387
49844
43921
55706
89411
75580
61706
96086
80486
55371
60939
65687
69935
44805
44016
55754
60400
44833
42680
44257
60561
48191
49126
55706
43580
23572
30435
33238
60540
26826
31462
41351
28175
21190
21499
23829
33263
23494
30863
37619
63968
32648
33279
49306
57156
26886
30499
36705
42305
28793
24491
44702
46289
25941
28356
52924
47124
36062
29172
49579
76061
35262
40995
53082
42595
28803
39345
31480
59249
44046
46389
58804
68299
62084
54106
61605
38542
55884
35895
40152
62179
55978
30596
60517
47676
69527
39811
71085
36987
25138
32722
40717
26612
12037
18014
19274
22211
24609
20125
23816
23264
26152
34901
34551
41384
28026
25586
37051
29953
36884
22740
29177
27265
24392
19512
18198
33770
34820
29845
42253
38704
36574
20338
32131
30979
26396
24019
34195
49762
47020
31263
44702
36758
66395
51063
69357
45066
42440
52209
46875
31927
32753
34304
27347
32896
30453
26040
30342
46730
31731
44977
43758
32450
20260
30865
32306
37009
21705
32873
24908
20251
22712
20677
13022
23409
28308
38467
38603
37757
18409
21159
31177
33721
20728
34267
26155
19441
20910
14532
23816
37605
30160
34865
38058
38150
26073
26836
33738
31896
22778
25567
27099
29060
24955
25389
23829
37335
47651
46389
50545
61925
34214
29702
47831
48411
36368
29387
43740
31334
21035
16749
21660
43471
45386
37501
56055
46286
26439
32474
43255
36687
17972
20345
34287
23602
20598
18724
30342
32568
24489
34842
52840
59481
32159
27713
54170
38763
26747
24815
50567
50157
36451
25125
60517
44850
26922
27032
54705
51831
42734
35336
51206
73553
46064
42597
76987
52177
37767
38576
44257
70469
49995
52920
64697
101203
66584
74617
90117
66064
52381
46979
66120
106961
65262
58272
76987
68431
54524
52861
67907
45199
26101
29956
40165
45178
28137
25491
37356
36531
24700
27979
27099
29203
25886
30719
50329
64403
26496
27783
50649
42200
23095
23833
32568
40557
23136
20868
34195
39279
25329
24097
56032
77794
52179
40742
66164
42111
25505
31486
28572
72959
49137
52352
53082
57780
53117
57334
80492
64216
55166
50581
64779
35643
46406
30538
34373
60780
58642
47695
50567
44415
56692
32919
62046
37692
26183
34846
46178
25185
19023
17846
20600
26855
28897
22706
26155
18136
24737
29655
40343
34222
23430
21283
35975
29083
33401
27916
24780
24424
30912
19691
29177
31327
29690
28177
39593
50976
36943
21740
41324
30497
24837
23130
32568
43775
37788
39859
36705
35556
60828
48699
64459
52937
48672
52309
49002
30090
17338
25892
27673
46205
29817
32027
34287
45324
26809
39366
50625
33225
21843
26246
31675
27158
15658
26662
12464
28459
24389
27684
24908
22858
24013
30077
35920
29284
14953
18449
24862
24058
14111
22812
20600
19023
17280
10592
19274
29126
25944
28117
35681
62830
31907
34919
47514
38696
16184
28248
37356
47657
35074
36528
41351
40693
43437
44760
52511
67437
46961
36866
64044
44994
41757
29933
36824
48167
35460
26530
43740
49813
53544
40996
69362
44601
25641
30649
44878
32672
17014
16321
27673
24605
20085
21531
27347
27056
26326
34059
48692
43603
24191
21725
44583
27511
22755
17774
34373
31995
23140
21711
40152
34239
24466
22429
44112
68663
48216
37905
56671
63318
48037
40246
66120
60244
44393
42488
55754
63603
57157
57312
77434
102569
65548
85053
87547
62717
51272
41179
56671
52975
39336
39092
51206
93799
66603
66956
77699
64110
39762
46955
56154
65174
34413
33922
47514
39196
29418
29155
33738
49521
44761
50116
69307
62027
31216
35460
51330
44370
29230
25860
41324
27663
18170
17690
32131
54045
35115
34564
58694
79578
47786
41923
59636
81033
51186
44524
66164
63757
42728
46226
49579
85192
73224
69845
95713
98324
77149
68934
91260
41956
62350
37390
44583
57124
56140
50686
54170
64900
85091
54135
83042
52998
36191
52284
56639
36084
21280
21677
24862
25686
28118
25205
31177
28456
37578
44660
51428
53987
41449
32608
39996
31500
40377
26671
35975
24309
32422
20030
37051
40261
41892
33771
51272
54918
48710
26269
51330
40255
40181
29156
50649
52015
49193
52623
49306
49023
91301
59777
96106
97843
62413
86763
74368
47387
43052
38179
44878
38370
32965
30309
43255
75681
42214
86192
83091
54320
32627
51208
35012
40633
23080
31969
31675
26316
26030
26678
32306
42606
37716
57100
58651
72943
35168
38597
56639
50116
25182
38644
46178
32875
24535
22297
40717
62790
40295
61141
63883
53923
40925
42420
56154
46658
28313
31205
40165
30942
25032
31822
33238
62594
58410
65247
71051
113777
62925
49934
89828
63252
56312
37193
64044
52854
40276
28525
47831
78495
71572
58728
96265
81591
42706
56024
74368
57188
27834
28450
49002
36768
30152
25331
46875
51092
46010
54553
92069
91800
52505
44708
91260
56615
37918
31598
64779
44465
33909
30957
61605
58842
38884
36965
78893
97656
63179
55839
87547
85528
50497
40709
90117
75835
49818
48136
65687
98421
78345
71425
113295
81113
57849
64161
71425
62591
40163
40661
57312
75146
44441
42981
52920
65308
53809
58652
61706
86446
48961
56749
65247
56431
30917
33049
44760
45760
34496
34567
46389
46476
38705
54568
63131
86795
42449
42801
59777
52279
33686
33904
48699
46536
39199
26667
51063
46646
33497
34230
58405
70727
55378
46017
69845
65798
37885
36304
57334
59673
41625
47870
46389
56676
47503
50748
65931
44978
37104
36821
36965
24559
28382
17659
22429
34166
27070
28639
27032
28845
34463
24802
32919
67111
51544
61341
61141
32618
18248
21185
28117
38683
30646
24940
34865
33651
27039
43396
56523
37695
26854
25775
33771
23922
24781
16593
28177
24653
24673
17298
29845
25931
23616
15004
38680
35910
29533
22520
34564
28948
19135
18126
24097
35234
26654
32324
28356
31377
39130
34230
38601
69344
55113
75428
54553
35634
35621
31506
34059
39961
30439
27937
34842
54687
34767
55661
58019
68693
48010
76048
57100
41125
22224
29457
30077
35124
37045
32162
38467
36224
27751
28916
65238
57610
29272
38230
44660
29933
25324
31083
29655
25274
26836
16818
34901
46437
34434
43396
48475
52354
43213
42946
50116
35763
21474
23805
30719
35245
27671
28789
30863
48635
55633
54568
58385
57471
39886
37468
58728
40490
37996
30401
40996
36306
29870
21534
37501
47100
52080
40234
62873
100910
57769
64125
86192
51189
28613
28732
39366
49207
37610
34379
44977
50487
38377
55661
83003
57079
34466
26726
54135
27972
25534
22443
32919
41846
34183
26424
39811
36443
31555
24802
49420
74440
54429
47486
66956
55725
37071
32697
52861
62874
46163
37393
49126
63786
58566
58652
79320
52224
41894
42845
48136
52238
37119
34314
42488
49405
37721
35329
38576
45657
43965
37393
43921
36671
24866
25642
31822
60707
23721
29317
36528
30350
23845
25798
25389
26331
24948
28789
36932
66210
35722
34711
52623
59939
33452
39390
39859
33731
26442
22348
31263
47310
32985
32324
59631
45425
37303
30635
46226
68304
35400
36905
52352
44585
32769
25562
39345
54906
47148
47870
67233
29245
28018
26807
30957
23487
20599
17813
21711
31384
27398
22478
25125
28964
29248
26424
35789
22434
16381
19387
22297
12059
4168
9764
10592
16536
14891
15484
14532
13395
13860
16818
22096
25072
17679
13134
20030
21654
22139
16515
19691
20221
25630
7128
19512
19043
18833
17298
23531
21229
16377
11597
17690
21622
16024
16365
20868
32196
24796
22348
24491
22736
27681
26667
31479
31266
29865
43985
25331
26088
22700
23925
21531
21460
20770
21635
18724
29523
21626
34379
28286
31597
20950
29098
26678
38225
22817
37619
27684
27771
30168
7424
20677
21814
19142
32162
31086
30020
18278
20728
25205
27044
21381
30093
22706
17107
19775
15484
20125
23157
18274
24940
22996
30806
21684
23270
29155
35783
20470
26153
27979
29190
19983
25798
21499
31675
30603
34567
34150
37913
22058
20371
28525
31980
19688
19008
26530
19798
13644
8366
16749
22465
22732
21534
28924
38328
20273
23598
30309
29918
14469
16426
32027
23703
19724
21635
26040
30217
18686
27937
41922
56130
31872
29238
50686
39536
25437
27677
47695
34666
26043
22478
30596
41005
24392
28639
46254
36283
29425
23301
39092
58493
31253
37493
58272
51607
33849
35329
42680
59869
38464
42981
59194
41313
31927
34194
40709
41634
29659
32080
40246
62144
41634
37493
42597
37544
32268
32697
36618
37303
22704
24000
31205
36984
19328
26804
28248
40189
27793
26153
25567
20253
17339
23805
32170
37294
19068
16629
29156
32502
18555
24471
23130
28819
21900
16365
24019
24398
17789
18126
32952
46742
35492
30643
44524
38008
26536
19528
31486
53538
34735
36905
40995
33586
30568
36304
43986
32382
29190
30764
31598
20283
25205
17978
17774
31817
33186
27677
24815
23587
34628
22443
30664
38496
30356
40864
38644
26459
16858
24910
22812
37353
43127
30093
34267
16008
20548
31083
37801
27540
22868
19464
26671
24267
31740
19660
27916
18156
28626
16515
22740
16032
20135
16593
23898
26254
23984
12583
25860
28673
18922
24471
23833
37464
35447
39390
30499
23525
40648
33904
37620
31294
30122
34564
28450
20984
11924
21119
16321
24993
17998
16426
20345
29288
21561
28732
30606
38158
25882
32277
31969
28258
18578
22142
26662
39339
35008
37619
32873
19648
21221
29457
34288
24541
13293
14884
21677
21713
16025
24910
17846
16306
17357
9764
18014
21532
21390
21185
26654
41362
24519
26182
33922
35805
12587
26804
25491
40353
28003
29317
31462
28118
29459
33049
34419
44116
30770
30578
37193
31659
23513
12858
29933
31561
23733
19008
29387
25982
32503
30401
42617
47558
27001
33857
38179
31599
14670
21119
25892
34138
27335
23925
34304
23864
18920
31506
42020
40615
25517
21111
37390
23323
20721
17978
30538
27309
24366
17813
35895
25093
19963
17659
31979
42033
33231
25426
41179
46988
29681
32080
46979
49332
33548
34314
44016
44562
37248
40661
47472
63220
41382
62705
55839
38544
24636
25426
37905
36983
20024
23301
35336
48700
28318
47486
44985
54024
32605
44124
42420
41575
20123
26182
34919
32219
21365
23270
26836
42296
23652
42946
45005
33993
18532
23985
26269
23739
11551
12583
21740
17251
9373
11597
20338
27988
11909
22520
28360
45033
27947
26534
41923
51596
25146
30643
40742
40853
24555
30635
29172
55229
33991
46017
48877
44749
38396
42629
44708
19575
30451
21111
21725
30217
29652
29238
27713
34447
43490
26726
40222
36492
29196
40438
38597
20667
14760
14884
18449
18815
19060
20728
21159
27472
29935
38230
46702
30534
27624
7624
32608
18679
25039
19464
21283
16547
27320
13134
25586
28956
30719
25775
34282
37674
35222
23985
35460
22880
23718
16629
27783
32722
32468
34711
33279
31847
58432
42801
64916
63332
53982
64996
56024
32207
38664
33857
30649
30345
30400
23598
32474
58769
37110
64125
58120
56215
37686
25162
51208
36940
22010
32277
26246
27076
30453
29098
30865
42316
40827
76048
58494
63536
35069
40438
52284
36487
28754
40864
34846
27165
27113
19387
32722
53740
39683
61341
54508
50185
40334
44124
46955
34091
23525
24000
29956
31541
29291
25642
30435
48493
50861
56749
58067
58304
41127
26564
49934
36759
42890
30578
36866
33843
31727
20371
29702
42471
50508
37468
52166
92428
56345
64996
86763
62674
31380
34564
52309
48421
39251
43985
52209
59911
55588
75428
116557
67298
46446
42629
68934
40445
36332
30764
50581
41469
38649
26807
54106
48356
41232
36821
65760
93368
62646
62705
85053
62118
37903
34194
74617
67811
43894
42845
60939
69150
56852
64161
99145
94183
60045
56852
78345
58903
42515
37248
57157
71239
49137
38464
49995
66775
65929
58566
75580
74034
40650
50861
58410
56476
28435
29459
43437
41463
36011
30603
47651
42863
46997
55633
72229
128776
58786
58432
91301
65504
43827
40648
60828
48938
42492
27681
66395
63943
50745
39130
85382
59270
59089
33991
73224
53523
37876
30568
53117
48760
38400
47148
44046
57491
44634
47503
71367
48341
41656
41232
38884
24648
29840
19963
24466
30778
29479
24392
26922
30821
40276
31555
43667
44719
31038
39683
40295
26967
13607
21390
25944
26786
25469
18274
30160
21110
22054
34434
42886
47758
33558
30719
41892
26215
28194
20135
29690
24987
31747
18833
34820
26729
17452
23616
39542
24593
31547
11909
35115
25245
19476
17789
25329
28342
24496
32985
25941
37181
50745
33497
44960
60093
43633
55588
46010
26426
19754
18920
26326
27768
20066
18686
24489
42396
26951
38377
52520
46888
26734
40827
37716
27788
9258
21221
24013
22242
26212
19142
28308
28848
10728
27751
43707
48171
23492
29935
37578
22380
17895
20548
24737
17563
17296
13860
26152
30886
22054
27039
35616
34252
31612
23652
44761
26824
17791
17339
25886
23756
18108
24948
23494
43335
46997
38705
54294
83731
55820
50508
71572
49870
44800
32503
53544
42314
37693
22732
45386
53131
53290
52080
84406
46921
30921
37110
42214
31054
16246
21561
26809
32387
29815
21626
31731
21584
26951
34767
44373
94752
49678
43490
85091
50841
37067
34628
56692
51525
42661
29248
69527
56260
40276
34463
74401
55633
48793
28318
66603
53990
34301
32268
54524
59495
45674
43965
48191
74749
65929
53809
79661
56983
42531
43894
49818
53499
35235
33548
44393
48167
38339
33849
37767
49225
45674
46163
49844
36101
20174
29291
25032
49639
20165
28003
35074
27054
20568
19983
24955
25933
18108
27671
30702
59129
34665
32468
49193
63972
29026
35447
37788
40060
28470
24796
47020
42690
24496
26654
47051
35819
32790
24555
42728
62904
32454
34735
49137
33404
13890
32769
28803
51688
38400
41625
52201
36760
35108
38649
33909
23589
33802
24366
23140
36191
42267
26043
36451
33866
42661
34183
49398
22654
19093
27113
24535
18625
9716
17357
17280
17925
21883
19775
20910
11998
17296
26836
25449
35904
29813
27320
32422
29100
43192
28626
30912
27575
23626
25630
24392
25202
31747
24673
33250
16224
19424
9373
18170
21406
19116
21900
23136
32290
28470
26442
28793
25276
42492
39199
41530
31617
31213
39251
30152
24180
26142
27335
20085
20910
23234
19724
20598
33957
29815
37610
33142
29737
21539
30453
26030
30377
21581
35008
24389
25538
25162
30168
22712
18629
26212
37045
33293
29977
17167
19060
28118
32372
27431
43127
28897
18612
21883
14891
24609
30938
25469
30646
31702
28666
22462
21365
29418
31001
20740
27793
24700
27868
20568
23845
21190
30935
36011
34496
36761
55848
33033
31727
40276
37847
28914
23733
35460
23691
11240
13644
21035
28991
37693
29870
44230
41423
21848
30400
32965
31713
14850
17998
29817
24200
23234
20770
30453
27419
20066
30439
43773
61676
36076
29652
56140
42155
32250
33186
58642
46990
42267
27398
55978
42503
29479
27070
52193
33326
32121
20024
39336
63408
40502
41634
65262
47675
38339
37721
44833
64315
49137
44441
58891
53983
37792
37903
50497
50530
29184
29681
48037
63109
40502
31253
46064
46236
34301
37071
44865
35952
19713
23525
28313
20478
10635
12587
16184
29292
20740
20470
22778
21335
17791
21474
33071
50615
24561
23718
40181
33235
17385
18922
24837
31304
19116
16024
26396
31181
19476
19135
39501
45254
34360
25146
51186
34318
9312
26536
25505
44787
32454
35400
35262
43551
37876
37885
55499
39454
35591
36332
37918
24632
24667
20721
22755
33038
32250
25437
26747
26529
37067
25534
38220
26445
19204
28754
25182
15801
10745
16025
14111
26101
27431
21381
20728
10282
17895
25324
28441
39094
30971
25039
40377
29015
17200
31740
33401
24126
43192
22139
36884
26178
28194
24781
37343
27623
25932
11551
29230
23239
17385
18555
23095
33520
29026
33452
26886
25903
43827
33686
42110
29804
25666
31380
27834
18627
9465
14670
17014
21468
14850
14469
17972
28648
16246
28613
30397
28153
14834
22010
23080
18232
4214
18578
15658
24935
21581
22817
21705
18884
9258
22224
32290
21955
11200
14760
21280
16354
10745
16858
19023
10655
9716
4168
12037
19707
13607
18248
24373
31187
19546
20123
34413
29807
10635
19328
28137
29459
20165
23721
26826
33523
28435
30917
34914
69871
40926
42890
56312
38858
14366
23513
41757
37831
28914
19688
36368
35727
44800
37996
62502
49248
26439
38664
43052
21158
9465
11924
17338
29772
26142
22700
32753
28085
19754
35621
52717
59966
34958
30451
62350
36604
24667
25205
46406
39989
33802
20599
55884
44342
29840
28382
57614
43435
34603
24636
51272
46583
29184
29659
52381
47998
35235
37119
44805
52306
42515
40163
55530
68970
52723
62646
63179
47089
34603
33231
48216
42812
32121
29425
42734
60527
48793
54429
57052
46558
30249
40334
40925
42522
19546
24519
31907
27745
22462
21684
26073
32003
31612
43213
46676
57777
30799
35222
48710
39093
25932
23984
36943
24832
19424
16377
36574
44807
31547
29533
52018
49699
34268
27947
47786
58691
34360
35492
52179
43726
32790
37303
36062
59267
59089
55378
69190
49070
47705
46446
52505
23312
34958
25517
24191
35266
36076
31872
32159
40994
49678
34466
48346
28286
24712
35069
35168
20332
11200
13293
14953
16494
17167
18278
18409
15057
23492
29272
33174
37197
15262
27624
41449
20475
30971
22868
23430
18730
29813
17679
28026
30984
33558
26854
34937
30003
30799
18532
31216
21300
24561
19068
26496
33782
34665
35722
32648
30815
58786
42449
59198
48600
38109
56345
42706
28896
26439
27001
25641
24298
21848
20273
26439
49877
30921
57769
47714
34304
12858
37686
32627
30218
14834
25882
21843
18489
21539
20950
20260
30451
26734
48010
41766
42588
24712
29196
36191
29156
19204
30356
26183
23000
19093
16381
25138
44137
31038
51544
43754
37205
30249
32605
39762
30400
19713
22704
26101
24417
20174
24866
23572
42339
40650
48961
47229
76300
47042
41127
62925
44481
40926
30770
46961
37208
33033
22058
34214
48264
55820
39886
67876
68107
38109
53982
62413
52973
25666
30122
48672
40103
31213
29865
42440
44162
43633
55113
88638
76058
47705
38396
77149
46729
35591
29190
55166
40950
35108
28018
62084
55732
41656
37104
80021
66266
52723
41382
65548
59524
37792
31927
66584
60928
42531
41894
55371
69454
60045
57849
76627
113770
69454
69150
98421
65446
52306
44562
63603
109117
64315
59869
70469
76280
74749
63786
89411
68192
42339
48493
62594
51610
33523
28118
40693
41923
30935
31675
37335
46935
43335
48635
72548
75572
30815
31847
49023
39823
25903
23525
35556
43339
25276
22736
36758
47640
37181
31377
64909
99215
59267
55229
85192
64427
43551
33586
57780
77463
51688
54906
59249
62970
57491
56676
93108
71033
55732
48356
58842
36144
44342
25093
34239
53242
42503
41005
44850
42705
56260
36443
57989
63225
44137
53740
62790
34898
19707
21532
29126
34287
30938
23157
37605
37200
30886
46437
62647
43995
30984
28956
40261
28376
26178
16032
31327
26900
25202
19043
33770
26460
26729
25931
45676
55652
44807
27988
54045
39418
31181
24398
39279
52338
42690
47310
46289
47640
63943
46646
72809
67404
44162
59911
51092
31542
28085
23864
27056
42137
27419
30217
32568
58032
21584
50487
51125
47864
30451
42316
42606
32953
18884
19648
22858
24829
18629
21814
23409
37136
28848
36224
48775
31487
15057
27472
28456
18765
10282
16008
18136
18236
11998
13395
23264
37200
21110
33651
35787
58662
32003
42296
49521
32371
21335
20253
29203
37000
25933
26331
33263
46935
42863
46476
60322
85625
48264
42471
78495
48178
35727
25982
49813
46507
28991
22465
43471
50882
53131
47100
77808
98838
49877
58769
75681
52686
28648
29288
45324
47191
33957
29523
46730
58032
42396
54687
81764
73181
40994
34447
64900
41362
26529
23587
44415
49082
33866
28964
47676
42705
30821
28845
59568
95880
60527
48700
93799
73364
46236
37544
68431
86524
49225
45657
60561
76280
66775
65308
106422
84860
60928
67811
75835
81730
47998
49332
60244
73850
47675
51607
52177
86524
59495
62874
71387
39513
24417
31541
30942
70251
29459
40353
47657
38515
27868
29190
29060
37000
23756
35245
38086
65134
33782
32722
52015
68781
33520
37464
43775
53678
32290
32196
49762
52338
28342
35234
57615
65189
43726
40853
63757
101725
44787
53538
72959
51822
33404
44585
42595
77463
48760
59673
82082
50794
40950
41469
44465
33395
39989
27309
31995
59511
46990
34666
50157
49082
51525
41846
60883
32946
23000
27165
32875
23208
10655
16306
19023
19242
18612
17107
19441
18236
17563
25274
26468
28087
18730
16547
24309
27615
24126
18156
24424
19170
27575
20221
27265
26900
24987
24653
31961
32722
24832
17251
27663
38499
31304
28819
40557
53678
40060
33731
42305
43339
48938
46536
58140
40195
40103
48421
36768
33016
29772
34138
24605
26881
24200
23703
23602
47191
32387
49207
39255
30150
18489
27076
26316
42751
24935
39339
28459
22984
25538
27771
20251
24829
22242
35124
32712
26676
16494
18815
25686
35149
26101
37353
26855
19242
17925
16536
22211
34287
26786
38683
32291
45035
27745
32219
39196
47915
29292
40189
36531
38515
27054
30350
28175
41923
41463
45760
48484
67464
37208
33843
52854
54951
37831
31561
48167
27956
23691
19798
31334
46507
42314
36306
54906
44446
24298
30345
38370
46406
21468
24993
46205
26881
20910
21460
32896
42137
27768
39961
59462
61043
35266
30217
57124
49821
33038
31817
60780
59511
36191
31384
62179
53242
30778
34166
61019
54489
42812
36983
52975
105082
63109
62144
106961
73850
48167
49405
60400
109117
71239
75146
106521
92920
59524
62118
85528
65726
46583
46988
63318
105082
63408
58493
73553
73364
53990
55725
71607
51663
30400
34091
46658
53094
29807
35805
38696
47915
31001
35783
31896
32371
26824
35763
50810
53009
21300
22880
40255
44228
23239
28673
30497
38499
21406
21622
30979
39418
25245
28948
54845
91845
58691
51596
81033
42732
34318
38008
42111
101725
62904
68304
76061
64427
53523
65798
94171
57173
46729
40445
56615
30040
36604
23323
27511
49821
42155
39536
38763
41362
50841
27972
52982
41793
29156
36487
50116
25950
16354
21713
24058
35149
32372
27044
33721
18765
22380
29933
41911
31378
20475
18679
31500
25400
29015
24267
29083
27615
29100
21654
29953
28376
26215
23922
37368
56035
39093
23739
44370
44228
33235
32502
42200
68781
63972
59939
57156
39823
65504
52279
72597
66134
52973
62674
57188
37806
21158
31599
32672
46406
31713
29918
36687
52686
31054
51189
63180
49760
30218
36940
40633
25936
18232
28258
27158
42751
30377
38225
37009
32953
27788
41125
43032
38902
20332
20667
36084
25950
15801
26459
25185
23208
18625
12059
26612
34898
26967
32618
41080
74622
42522
41575
65174
53094
20478
36984
45178
70251
49639
60707
60540
51610
56476
56431
68667
66096
44481
36759
63252
42554
38858
31659
44994
54951
37847
31980
48411
48178
49870
40490
68446
54319
28896
32207
47387
37806
18627
20984
30090
33016
24180
26088
31927
31542
26426
35634
47817
41570
23312
19575
41956
30040
24632
20283
35643
33395
23589
23487
38542
36144
24648
24559
45475
73267
47089
38544
62717
65726
50530
41634
66064
81730
53499
52238
69935
65446
58903
62591
83536
116036
66266
93368
97656
73267
43435
42033
68663
54489
33326
36283
51831
95880
55633
74440
90512
69274
37205
50185
53923
74622
31187
41362
62830
45035
28666
30806
38150
58662
34252
52354
70052
68775
30003
37674
54918
56035
27623
26254
50976
32722
16224
21229
38704
55652
24593
35910
57519
80542
49699
45033
79578
91845
45254
46742
77794
65189
35819
45425
47124
99215
59270
70727
101009
97290
76058
67298
91800
41570
59966
40615
43603
61043
61676
56130
59481
73181
94752
57079
96362
59903
42588
63536
72943
38902
21955
24541
29284
26676
29977
30020
37757
31487
48171
57610
65651
43772
37197
30534
53987
31378
39094
27540
34222
28087
35904
25072
41384
43995
47758
37695
57142
68775
57777
33993
62027
53009
50615
37294
64403
65134
59129
66210
63968
75572
128776
86795
141803
90317
68107
92428
81591
54319
49248
47558
44601
44446
41423
38328
46286
98838
46921
100910
88998
56122
34304
56215
54320
49760
28153
38158
33225
30150
29737
31597
32450
47864
46888
68693
71291
59903
28286
36492
52998
41793
26445
38496
37692
32946
22654
22434
36987
63225
44719
67111
71043
69274
46558
54024
64110
51663
35952
37303
45199
39513
36101
36671
43580
68192
74034
86446
94133
124938
76300
58304
113777
66096
69871
44116
67437
67464
55848
37913
61925
85625
83731
57471
113892
90317
48600
63332
97843
66134
29804
31294
52937
40195
31617
31266
45066
67404
60093
69344
135677
97290
49070
44749
98324
57173
39454
32382
64216
50794
36760
29245
68299
71033
48341
44978
98131
116036
68970
63220
102569
92920
53983
41313
101203
84860
56983
52224
80486
113770
94183
81113
95467
