1299367
886465
1017433
1172072
973482
667447
628765
887578
1118418
720987
677610
831184
1081274
845920
877554
1034926
882776
510960
624265
718120
853969
421152
480861
639680
599858
437837
442771
517298
604796
495763
640190
831184
1115293
530057
554549
840831
795476
445051
463094
629698
608387
413250
354188
639680
736458
469168
478765
887578
1040291
733248
598919
998128
1027266
574341
583583
840831
926992
607942
712023
718120
1011846
800028
855722
1172072
930265
786671
736645
855722
486865
631073
417281
478765
727593
673674
562356
640190
670963
850616
565774
877554
683241
491681
647956
712023
425463
244738
307122
354188
421109
424920
357330
442771
360319
415228
562356
677610
614773
439866
385186
583583
434009
489694
362838
463094
384735
473391
307122
480861
475826
475891
417281
628765
634835
553589
321742
598919
525081
435602
385186
554549
708668
622935
647956
624265
621297
972826
736645
1017433
960955
755233
972826
800028
526962
464839
475891
469168
548039
441395
415228
495763
833403
496084
850616
845920
708943
438468
622935
607942
550407
318470
473391
413250
448974
437890
424920
437837
497255
441395
673674
720987
681026
354361
435602
574341
486911
333858
489694
445051
347141
318470
244738
421152
632334
464839
631073
667447
778583
528038
553589
733248
612587
354361
439866
530057
572891
438468
491681
510960
728914
755233
786671
886465
1184755
728914
621297
1011846
748847
632334
475826
736458
646701
497255
360319
604796
784956
833403
670963
1081274
1034347
572891
708668
926992
705053
347141
384735
608387
553458
448974
421109
599858
646701
548039
727593
1118418
1077954
612587
525081
1027266
661900
486911
434009
795476
705053
550407
425463
853969
748847
526962
486865
973482
1093178
778583
634835
1040291
1077954
681026
614773
1115293
1034347
708943
683241
882776
1184755
960955
930265
1299367
