4375413
3157331
3348241
3839733
2736190
2395724
1997785
2571997
3040791
2333344
2015553
2571997
3370645
3026056
2965111
3839733
3309350
2014019
2603848
2965111
2534929
1331572
1646145
2015553
2023420
1749652
1646145
1997785
2109119
1900464
2603848
3348241
3489094
1936898
1900464
3026056
2378326
1755535
1749652
2333344
2045358
1755535
1331572
2395724
2593495
1936898
2014019
3157331
3546947
2593495
2109119
3370645
3242937
2045358
2023420
3040791
3242937
2378326
2534929
2736190
3546947
3489094
3309350
4375413
