468591
237830
286726
357794
244015
156681
165489
201441
265280
207263
165215
195743
291529
220214
227880
303624
226690
116648
149820
169347
182648
95685
137515
147514
144664
138448
125127
116272
127097
110238
147506
195743
271019
117414
131210
198443
205422
140771
158532
180256
143949
131996
91568
147514
151272
106711
121155
201441
281881
161039
147958
271490
259089
144858
163699
198443
229369
165519
172855
169347
261786
201059
222617
357794
262580
189456
183089
222617
117837
159771
115381
121155
171969
209331
151794
147506
152528
216430
140186
227880
162683
131401
169494
172855
106211
77171
106666
91568
123425
161938
139764
125127
80621
117402
151794
165215
160571
136570
115183
163699
141766
189372
153048
158532
117865
188218
106666
137515
101954
141684
115381
165489
156822
110601
69974
147958
132905
119934
115183
131210
181873
179411
169494
149820
143620
220079
183089
286726
282535
169697
220079
201059
138400
116416
141684
106711
133164
138430
117402
110238
206082
123360
216430
220214
205121
121365
179411
165519
177707
111867
188218
131996
154010
188310
161938
138448
129960
138430
209331
207263
169894
93896
119934
144858
157194
122464
189372
140771
96903
111867
77171
95685
130503
116416
159771
156681
171940
102408
110601
161039
155338
93896
136570
117414
144731
121365
131401
116648
170655
169697
189456
237830
337231
170655
143620
261786
162259
130503
101954
151272
147667
129960
80621
127097
212228
206082
152528
291529
263243
144731
181873
229369
169866
96903
117865
143949
153932
154010
123425
144664
147667
133164
171969
265280
271878
155338
132905
259089
167044
157194
141766
205422
169866
177707
106211
182648
162259
138400
117837
244015
302670
171940
156822
281881
271878
169894
160571
271019
263243
205121
162683
226690
337231
282535
262580
468591
