48425
29098
38009
45208
29154
16359
16918
22241
36057
23449
18996
21899
38706
26025
25993
32008
30268
12363
17201
19017
17311
8613
10190
12954
13797
12704
10982
11530
14407
12522
13607
20345
41123
15239
17684
25681
21125
14678
14252
19112
16387
13173
8609
16412
18225
11288
12336
21381
34770
19560
16334
32359
29284
15306
14041
20877
23895
15807
19106
16600
29152
20321
20030
30324
29582
19189
17960
21716
10589
12495
7712
10398
14625
15349
12436
11743
13072
16954
11084
19090
15412
10384
12966
14040
8311
5828
7510
7390
7936
10170
7235
8797
7814
8874
10484
13524
14221
9793
8439
12892
10372
13382
8075
11932
9145
11862
6690
10048
8670
9351
9084
11528
14516
9568
6572
13666
12546
8913
7524
11753
13035
11845
13968
11038
14704
16837
13571
21381
39538
17490
27345
23733
12177
9578
10441
9604
14022
11745
10231
11279
20139
7765
19985
20204
20663
10414
15384
14606
13528
9367
11441
10287
11259
12587
10493
10839
13638
11562
16734
14452
15005
7305
12987
11469
10683
8343
12748
11318
7258
7847
6144
6617
11969
9061
12926
13524
17152
9365
10187
15963
11897
7293
8992
9508
11530
8238
10175
8943
17803
13352
14994
20345
36981
17627
14072
26960
17802
13671
9897
16220
14815
12669
7392
12620
23569
22318
16495
28400
26503
13318
16107
20804
15629
8732
9015
12382
10926
11176
7740
10779
12370
11779
12738
20204
24901
13100
10797
20058
13367
12061
9697
16138
15963
15216
9087
15325
13831
10660
8583
19090
29302
14379
14140
23078
20448
11749
9505
18734
20714
14800
11502
15436
27574
21696
18549
32008
27275
13679
15255
18312
16941
9859
10366
12587
14547
13124
10466
10737
14806
11647
11642
15436
10267
5334
6703
7562
11951
6136
8895
9856
6392
6304
5437
5132
6220
5136
6374
8943
14895
7205
7079
11455
14079
8267
10129
10688
9906
9226
6001
9150
8478
5588
6627
11038
10987
7613
6358
11707
17838
8102
10590
11999
9539
7302
8676
6442
14013
10187
11363
16600
15230
11853
10125
13153
8292
12369
8848
9003
12237
14789
8350
11828
8632
14207
8396
15325
7313
5816
6721
7683
5826
3430
5363
4402
5783
8038
7001
5073
3864
5457
7288
6617
9612
7777
6383
8646
9244
12496
8684
9143
8260
11558
6693
5526
6396
9712
7328
10048
9138
6677
3938
7789
7821
8467
7393
8356
11015
11989
8292
9150
6772
12945
11350
16412
12892
9004
10947
9878
9039
7942
9596
6698
7223
8485
6772
5715
10022
8135
11529
10779
9762
5880
8558
7876
11961
8079
12793
8635
6574
9400
7823
3890
6552
8019
11798
10839
9341
5223
5523
8063
11747
7999
12591
8605
5538
7358
4577
5073
8047
7313
9327
8797
7643
5253
4719
6731
8301
6080
7711
6296
7176
6179
6417
5132
7500
9921
9681
11530
15714
6944
5868
10772
9320
6588
5720
8035
6316
5646
3154
3926
9452
9754
7256
12620
11385
5692
6161
10576
7855
4537
5091
7714
5853
5780
4495
5715
6044
5976
6081
11279
13416
8009
5548
12494
9077
7498
7078
12105
11188
12189
5339
11828
7763
6640
5585
11743
13127
8776
6850
12657
15093
9892
9398
15898
11892
10404
7776
10737
15621
13223
12487
21899
35022
16429
19102
25973
14972
9758
11079
12411
23393
16868
12682
15898
15357
10921
12411
18734
11668
5626
7338
9594
8611
4937
6452
6987
9123
7361
8043
6296
5293
4365
6207
9508
15146
5266
7234
11669
10130
6516
8229
8878
8431
6667
5304
8356
7082
4381
6163
11753
20822
10954
10231
18095
8850
5155
8321
4352
18055
11478
13033
11999
13507
9720
12990
20877
19538
14174
13536
18045
8617
11061
8141
8347
15032
15744
13699
12105
9021
13103
9113
16138
11103
8782
12008
13037
7458
5973
7320
6269
8913
10283
8764
8605
4251
6950
9731
11318
10797
8382
7489
11781
11449
13611
12273
9090
8097
11846
7360
9143
7032
8954
9288
11932
13637
8071
6201
11905
9387
7711
8899
8878
13889
11658
12941
10688
8508
15265
13501
19112
14498
9326
11125
11801
7248
4138
7539
5882
10809
8434
9902
7714
8973
5259
8911
12382
9966
6033
7830
9026
8446
4849
10069
4212
10358
9878
10438
8635
5588
6742
9632
10287
7750
3482
5097
6825
7135
4256
8560
6269
5168
5100
4295
4402
4708
4530
6598
7390
12854
5807
6986
10695
9537
4191
8803
6987
11812
9191
10095
9856
8459
8832
10452
12954
16361
9727
7818
14941
8891
7394
6388
5392
9501
8107
5077
8035
9394
10038
7978
16220
10184
6040
7723
10164
6780
3785
5032
5882
6662
6665
5718
6698
4542
4508
6720
9604
11792
6500
5517
12336
6667
6558
6027
8347
8000
7744
5979
9003
6028
5204
5043
10398
17050
9515
8746
14535
12601
8963
9339
12411
14268
11239
9302
12587
13000
12625
13013
22241
38875
16839
22205
28614
15216
11793
10739
14535
12481
12156
8949
12657
21198
16981
15544
23078
16721
8764
11122
12961
12658
6500
8854
10695
7879
7650
6868
6731
8961
8738
9968
15963
16069
7059
9088
13684
10779
8619
8441
11905
5796
5811
3823
7789
9918
7569
7928
13666
24427
11697
12250
20774
19995
13248
11651
18095
15455
10584
10820
11707
20792
18959
18673
32359
27610
18958
17734
24372
10043
15153
10045
12336
13312
18426
12665
12494
12627
21555
11694
20058
11920
9346
13136
13520
8175
6718
6782
6825
6119
9698
9025
8063
5166
8823
10067
11469
13324
11475
9691
10550
9347
14509
9985
11781
6139
11790
5995
8646
7511
11322
8739
12892
14882
9963
5535
13684
8756
9939
7983
11669
11792
13122
11562
11455
9385
19338
13688
25681
27300
14098
20027
19881
13074
10336
11395
10164
8536
10205
7834
10576
15590
9078
20462
20804
14619
7608
13171
7282
11646
7226
12475
9026
7623
10595
8990
7876
9353
8901
14515
14606
17022
8313
10165
13520
13426
8334
13146
13037
8032
7460
6141
7683
10772
9048
12701
14040
12429
7533
9217
12961
11093
6902
9342
9594
7545
6787
8171
7562
13341
12235
15608
19017
34519
16194
13271
25500
15215
12065
8768
14941
15066
11514
7140
10772
18234
17994
13614
26960
22325
10713
14647
19881
13806
7583
7911
11801
9176
9061
6849
9878
10594
10631
12465
23733
24580
12468
12131
24372
14158
12194
9434
18045
10891
10687
6970
13153
11690
10971
9153
21716
32039
16063
15787
28614
24060
14568
11478
25973
20626
15488
12044
18312
28655
25553
23317
45208
30359
16696
20080
23317
16273
10198
10887
13013
18347
13628
10810
12487
17713
14880
15323
18549
22012
10635
13389
15608
12592
7081
9010
10452
11381
10798
9413
9681
10733
8901
12768
14994
20219
9425
9865
13688
14312
10240
11110
13501
10560
11056
6950
11350
10852
7814
8572
13571
18360
12658
10261
18673
17712
10128
9903
12990
14308
11766
12037
11363
16007
12966
13448
20030
12146
8329
8638
9153
5636
7632
4221
5043
7159
7399
6827
5585
6779
9290
5411
8583
13218
12282
13287
12701
7441
5406
6639
6598
9996
11807
10103
9327
7541
9737
10750
12926
8743
6992
5431
8739
7632
9898
6411
9288
5887
9384
4737
7328
5065
7155
3600
9084
7950
5806
4496
7928
7463
5886
5223
6163
8932
7542
8245
6627
7806
10173
8572
12336
20085
12504
16250
12465
8628
8095
8971
6720
8732
8624
6878
6081
14004
8116
13073
12738
18567
12645
20380
14515
13790
8338
10745
9632
11680
16321
11737
11798
9774
11944
10724
16734
13178
7823
10056
10067
9947
10002
12432
9731
6579
8967
5269
7288
9512
9701
10750
10484
11957
7680
7991
9968
9158
5984
7323
6207
9471
7947
7554
6374
11169
12341
12768
13607
15521
8810
8140
13614
8739
7561
6105
7978
7630
7800
4801
7256
11919
12723
7430
16495
25148
14780
16577
20462
11809
8097
8533
8911
13293
13100
9622
11529
11792
9715
13073
19985
13525
8976
6947
11694
7663
9018
7459
9113
9037
9819
6565
8396
7250
8215
5411
11084
19228
11460
10426
15544
14724
10377
8819
12411
16101
13275
8456
11642
17162
16931
15323
25993
15318
10481
10146
12044
11223
8837
8382
9302
9719
10318
7427
7776
11249
10494
8456
11502
8855
6418
6097
8171
13829
6771
10233
10095
7271
9118
7392
6417
5492
7503
7554
10175
15197
8447
7114
11562
16114
12083
14352
12941
7720
9457
5668
8292
9488
8844
8245
13968
10365
7163
6000
10820
16206
8897
10922
13033
9864
10167
5112
8676
11456
12992
12037
19106
8197
6302
6277
6970
5682
6248
5326
5979
6338
8614
5612
5339
6113
7552
6565
9087
5832
5135
5068
6141
4119
2015
3736
4295
5116
6347
5806
4577
3013
4539
5269
6144
7110
6025
4453
5995
7314
9383
7932
7360
7160
10696
3986
6693
4497
6624
4737
6690
4595
3327
2227
3823
5782
5268
5269
5304
8384
8050
5668
6001
4917
7390
6950
8609
9926
8392
9802
6849
8409
7750
8538
5718
5880
8166
6925
4495
7628
7579
9622
7740
9920
7640
9485
8990
13730
9726
16350
10438
10587
14179
6610
7823
6005
8212
11737
10493
9811
6761
7390
9025
12238
10153
15044
8764
6859
8870
5806
7001
7316
7382
10103
7235
6730
4989
4734
6868
11460
7378
9839
8043
7519
6990
7392
5437
8316
9033
9413
10982
10243
4778
3884
7140
6254
4323
3861
5077
3751
3568
1364
3154
5663
5367
4801
7392
10157
5764
5567
7834
8281
5185
6229
9902
8038
7983
6925
6772
6503
5148
6878
10231
13812
9179
6423
12665
11616
9183
9788
13699
8104
9071
5612
8350
8078
6945
6827
12436
7957
5756
4559
8949
13337
7999
9472
12682
11548
10474
7427
10466
13862
10913
10810
18996
14951
8774
10588
11478
10485
8063
8842
9339
13032
11181
9472
9398
9240
7400
8819
9505
11232
7148
8441
9342
10298
5426
9467
8803
12253
10861
9839
7711
5262
4166
7323
8992
9726
4918
4890
7983
10013
7162
10026
8899
8509
8548
5269
7393
4966
4130
5223
7524
12670
8258
7266
11651
10826
7447
9090
8321
14958
11074
10922
10590
9011
7664
9903
14041
11076
9359
9836
9434
5817
9079
6949
6027
9818
12410
9788
7078
6418
11512
7459
9697
12461
11021
15871
13146
9284
6854
10981
8560
14367
19857
15044
12591
5241
8888
12432
12748
9415
8828
7773
9985
11067
13969
12842
12273
7728
14855
7932
8684
4769
8434
6411
8075
7836
6588
3663
8441
9840
7192
10026
8229
14110
12946
14352
10129
7506
12311
11110
14252
10770
8182
9181
7911
6901
4090
7357
5032
7427
6786
6229
5091
8369
6987
8533
9015
14338
10500
11928
12475
11566
7366
11548
10069
16197
16519
16350
12793
6063
8314
10745
11441
8102
4499
5287
6782
8808
7132
10981
7320
5798
6952
3736
5363
5374
6372
6639
7510
10126
6419
6007
8854
10644
4165
9467
6452
12031
10077
10233
8895
7049
7889
9010
10190
9877
6504
5603
8768
6232
5242
3332
6388
5618
5679
3861
5720
5821
7305
6105
9897
10987
8350
11000
11395
8662
4904
7357
7539
11608
10922
8538
9596
5718
5691
8971
10441
10419
7117
5682
10045
5909
7649
6949
8141
7444
8581
5326
8848
5380
5952
4221
7712
11205
7455
5608
10739
12148
8119
8842
11079
12270
10250
8382
10366
10865
10344
10887
16918
20891
9319
14237
15787
8545
5207
5608
8746
7577
4996
4559
6850
12286
7641
10426
14140
11186
6582
7674
9217
7115
4227
6007
6986
6234
5190
4734
4719
7837
4707
7991
10187
6990
3251
4389
5535
5724
3332
3663
6201
3255
2417
2227
3938
5168
2810
4496
6572
12150
6095
6706
12250
12226
6045
7266
10231
9243
5883
6000
6358
12870
8034
10261
16334
13006
10083
10273
12131
4776
7804
5682
5517
6041
8465
6423
5548
8431
10975
6947
10797
8487
7737
10353
10165
5677
4732
5287
5097
5147
7472
7390
5523
6019
7798
10056
12987
8368
8698
3838
9691
5510
10153
7773
7489
4350
10280
4453
6383
5829
8496
5431
8439
8862
6595
4389
9088
5830
6728
4890
7234
7261
8861
7114
7079
7536
12191
9865
17684
18994
12631
13339
14647
9345
10814
11000
7723
6134
8614
5567
6161
14748
9465
16577
16107
13536
9466
9004
13171
10960
7835
11928
7830
7522
13527
9485
8558
8339
12478
20380
15384
13969
8378
10353
13136
12071
10594
15871
12008
5779
8335
5068
6721
10514
10436
13287
12966
11149
7521
7674
11122
8735
6711
8441
7338
6764
7407
6097
6703
10651
12912
13389
17201
15829
9199
5204
13271
8025
8430
5603
7818
7084
7146
3884
5868
11750
12279
8140
14072
20824
12710
13339
20027
13123
7810
9181
11125
10739
11596
9802
10947
12827
12422
16250
27345
16560
8597
10273
17734
10240
12191
9836
13536
8498
10339
6277
10125
11663
10614
8638
17960
23700
12635
14237
22205
17609
10956
10588
19102
17043
12826
10146
15255
23462
18854
20080
38009
36494
17245
18854
25553
16743
10331
10344
12625
19070
15049
10913
13223
20456
16995
16931
21696
18187
8803
12912
12235
11300
6030
7889
8832
10071
11163
9033
9921
8237
9384
12341
13352
30059
10299
12191
19338
14867
11964
12311
15265
11057
12096
7390
12945
12932
10340
10173
16837
15925
12790
8034
18959
12983
8209
7664
9720
12865
10286
12992
10187
17787
9362
12966
20321
14074
9756
10614
10971
5889
7775
5952
5204
7844
9797
6945
6640
7578
10470
8215
10660
9423
7794
10436
9048
5023
3537
6372
4530
6977
9057
7382
7313
4306
6448
9701
9061
11517
9590
8496
11322
7731
10529
8434
8954
7746
12639
6624
9712
5892
5990
7155
9351
5811
6361
2810
7569
5118
4166
4130
4381
7274
6966
8844
5588
8248
10340
7814
11288
16787
9770
12422
10631
6120
4202
5691
4508
7047
6511
5148
5976
10799
6054
9715
11779
12860
6543
12478
8901
8396
4029
8314
6742
7992
11064
8212
8019
6806
4564
11944
11562
11562
6482
7798
8823
6677
6554
8888
6950
5287
6341
4539
5457
6979
6448
9737
8874
7596
5927
4707
8738
5579
3685
4166
4365
6747
5347
7503
5136
9929
9384
8901
12522
25655
13117
12279
17994
11279
9653
7305
10038
10464
10179
5367
9754
15062
12886
12723
22318
10623
8200
9465
9078
7028
4352
6987
5259
9010
10961
7579
8135
4743
6054
8116
7765
25424
12576
10975
21555
12162
11533
11512
13103
13262
14033
7552
14207
11815
10470
9290
16954
15379
11381
7641
16981
12907
7349
7400
10921
16267
12325
10494
11647
21612
16995
14880
26025
20705
11162
12826
15488
14578
9230
10250
11239
12949
11977
10474
10404
13431
12325
13275
14800
9202
5021
7407
6787
11716
5710
10077
9191
7624
7855
6990
6179
6069
5347
7947
8238
16328
9168
8861
13122
16882
10394
12946
11658
12033
12212
8050
11989
9405
6966
7542
11845
9316
6902
5883
10584
16588
9170
11074
11478
9861
5924
10167
7302
13402
10286
11766
15807
11648
10382
10339
10687
7587
12243
8581
7744
11646
17639
9071
12189
8852
14033
9819
15216
6722
6326
8335
7460
5892
4605
6952
5100
7342
10671
8870
7358
3065
6341
8967
7847
11478
11239
10280
11790
11067
18517
14855
11846
11343
12600
10696
11558
7057
12639
9384
11862
4589
4899
2417
5811
6890
6963
8548
6667
11215
12212
9457
9226
6768
12096
11056
13173
11412
9800
11596
9061
9087
8916
10922
6665
7067
10094
7983
5780
10385
10961
13100
11176
11088
8829
13527
10595
12838
8450
16519
9878
11620
14950
14179
9400
6453
11064
16321
12587
10242
6678
7472
9698
13574
12571
19857
10283
6931
10671
6347
8038
8534
9057
11807
10170
7535
5428
5190
7650
10060
7366
10861
7361
9949
7855
9118
6304
9096
11163
10798
12704
15507
7987
7146
11514
8784
6569
5679
8107
5936
3770
3568
5646
9096
10179
7800
12669
13181
7045
8614
10205
9025
5278
6786
8434
9355
10094
8166
8485
6874
6511
8624
11745
19051
12849
8465
18426
12309
11418
12410
15744
14446
17639
8614
14789
10621
9797
7399
15349
9760
7609
4996
12156
16346
10008
11181
16868
13744
11977
10318
13124
17040
15049
13628
23449
18024
9809
10956
14568
11188
5923
8119
8963
13336
10008
7999
9892
11626
7349
10377
11749
9465
5004
6711
6902
4877
2636
4165
4191
7637
7366
7378
6080
4519
3685
5984
7293
13404
5539
6728
9939
8620
6002
7192
7711
8898
6963
5268
8467
6232
4166
5886
8913
12188
6634
6045
13248
7935
3090
7447
5155
11181
9170
8897
8102
12114
8209
10128
15306
13575
10914
12191
12194
7175
8002
7649
6558
10454
11418
9183
7498
7760
11533
9018
12061
7916
7227
10594
8334
4851
4026
7132
4256
9827
12571
10153
7999
2675
6554
10002
8343
13335
11962
10153
14509
12045
8062
13969
13611
9850
18517
9383
12496
7663
10529
9898
13382
7522
6680
3332
8619
7801
6002
7162
6516
11760
10394
12083
8267
7744
11964
10240
14678
10361
5846
7810
7583
4604
2709
4904
3785
5793
5278
5185
4537
7317
4352
8097
8732
9276
4553
7835
7226
5946
2104
7366
4849
9427
8450
9726
8079
5286
4029
8338
9367
6705
3269
4732
6718
5697
4026
6854
5973
4118
4605
2015
3430
4250
3537
5406
5828
6751
3615
4227
6500
6464
2636
5426
4937
7469
5710
6771
6136
7316
6030
7081
8613
15651
7804
8430
12065
7187
3676
5242
7394
6859
6569
4323
6588
7821
9653
7561
13671
11895
6517
10814
10336
4932
2709
4090
4138
9387
8916
7750
7942
5112
4202
8095
9578
13619
8727
7804
15153
8552
8002
9079
11061
10068
12243
6248
12369
8937
7775
7632
12495
10610
6811
5207
11793
10308
5923
8063
9758
11209
9230
8837
9859
12180
10331
10198
16359
19383
9448
12635
16063
9751
6811
7455
9515
7734
7609
5756
8776
13771
11381
11460
14379
9394
5195
7521
7533
7659
3615
6419
5807
5524
5428
4989
5253
5093
5927
7680
9365
10326
5395
6595
9963
7798
6680
6588
8071
4612
4899
3327
6677
7929
6361
5806
9568
11515
5474
6095
11697
12429
6634
8258
10954
8704
6902
7163
7613
12583
12790
12658
19560
12636
9733
8597
12468
5700
8727
7117
6500
8846
12849
9179
8009
10312
12576
8976
13100
6701
6312
8378
8313
4750
3269
4499
3482
4717
6678
6761
5223
3197
6482
7823
7305
9675
7436
8698
11475
6419
11962
8828
8382
5373
11239
6025
7777
6902
9590
6992
9793
6968
5395
3251
7059
4797
5539
4918
5266
7595
9168
8447
7205
6837
10299
9425
15239
13564
8333
12710
10713
7138
6517
8350
6040
5277
7045
5764
5692
11279
8200
14780
13318
7739
3122
9466
7608
8298
4553
10500
6033
5518
8829
7640
5880
6566
6543
12645
10414
10098
6312
7737
9346
9123
7227
11021
8782
5958
6326
5135
5816
8054
7794
12282
10384
7551
5195
6582
8764
7043
5004
7148
5626
5759
5021
6418
5334
9394
8803
10635
12363
20959
10372
9199
16194
9497
7804
6504
9727
8397
7987
4778
6944
12730
13117
8810
17627
15489
8333
12631
14098
10838
5846
8182
9326
9534
9800
8392
9004
8456
9770
12504
17490
17874
9733
10083
18958
10853
10914
9359
14174
9208
10382
6302
11853
12481
9756
8329
19189
17121
9448
9319
16839
15036
9809
8774
16429
15049
11162
10481
13679
21632
17245
16696
29098
45459
21632
23462
28655
16680
12180
10865
13000
26252
17040
13862
15621
26151
21612
17162
27574
17983
9394
10651
13341
11598
7316
7049
8459
10095
9096
8316
7500
10946
9929
11169
17803
16702
6837
7536
9385
10763
7744
7506
8508
8765
6768
4917
6772
10656
8248
7806
14704
26589
12583
12870
20792
16754
12114
9011
13507
17787
13402
11456
14013
17952
17787
16007
29152
18717
12481
11663
11690
7750
8937
5380
6028
11004
10621
8078
7763
9236
11815
7250
13831
12308
8054
10514
10772
6762
4250
5374
4708
7509
8534
7316
8047
7880
6979
9512
11969
8238
6902
5829
7511
6339
7663
4769
7032
5371
7057
4497
6396
4720
5892
5065
8670
11024
7929
5168
9918
8687
6232
4966
7082
10226
9405
9488
8478
10656
12932
10852
18225
20115
8456
12827
10594
7301
5112
5718
4542
9513
6874
6503
6044
15160
4743
11792
12370
13202
6566
8339
9353
9215
5286
6063
5588
7518
6453
6005
6552
9596
6806
9774
13638
7005
3197
6019
5166
5549
2675
5241
4251
4029
3065
3013
3864
7880
4306
7541
7814
12148
5093
7837
8961
7477
4519
5262
5293
8399
6069
5492
6220
10946
8237
10733
14407
28376
12730
11750
18234
11746
7821
5821
9394
12989
9096
5663
9452
18596
15062
11919
23569
26397
11279
14748
15590
13456
7317
8369
8973
11811
10385
7628
10022
15160
10799
14004
20139
17450
10312
8431
12627
9487
7760
6418
9021
10752
8852
6113
8632
9236
7578
6779
13072
25582
13771
12286
21198
19485
11626
9240
15357
20468
13431
11249
14806
26151
20456
17713
38706
27153
15049
17043
20626
18903
11209
12270
14268
15980
13744
11548
11892
20468
16267
16101
20714
9942
5759
6764
7545
13992
7469
12031
11812
8619
9949
7519
7176
8399
6747
9471
11530
14884
7595
7261
11792
19033
11760
14110
13889
11465
11215
8384
11015
10226
7274
8932
13035
15419
8704
9243
15455
26336
11181
14958
18055
11874
9861
9864
9539
17787
12865
14308
23895
12917
9208
8498
10891
7980
10068
7444
8000
12098
14446
8104
11188
10752
13262
9037
15963
7878
5958
5779
8032
6340
4118
5798
5168
5341
6931
6859
5538
4029
5287
6579
7258
6770
5373
4350
6139
8411
9850
7728
8097
6226
11343
7160
8260
5371
7746
5887
9145
7723
4612
3255
5796
8829
8898
8509
8431
11465
12033
7720
9906
8765
11057
10560
16387
11560
9534
10739
9176
9627
9387
11608
6662
7347
9355
8038
5853
11811
9010
13293
10926
8934
5518
7522
7623
13971
9427
16197
10358
7220
11620
10587
6574
7518
7992
11680
11259
6649
4717
5147
6119
11683
9827
14367
8913
5341
7342
5116
5783
7509
6977
9996
7936
8844
5524
6234
7879
11911
7637
12253
9123
8619
7624
7271
6392
10095
10071
11381
13797
18769
8397
7084
15066
10301
6859
5618
9501
4162
5936
3751
6316
12989
10464
7630
14815
10772
5277
6134
8536
11581
5793
7427
10809
7347
7067
5880
7223
9513
7047
8732
14022
13333
8846
6041
13312
12175
10454
9818
15032
12098
11646
6338
12237
11004
7844
7159
14625
12664
7734
7577
12481
22123
13336
13032
23393
15980
12949
9719
14547
26252
19070
18347
36057
30148
15036
17609
24060
15493
10308
12148
12601
22123
16346
13337
15093
19485
12907
14724
20448
13051
7043
8735
11093
12917
6464
10644
9537
11911
10060
11460
8301
7477
5579
9158
11897
11336
4797
5830
8756
12016
7801
9840
9387
8829
6890
5782
7821
8687
5118
7463
12546
23366
12429
12226
19995
9754
7935
10826
8850
26336
16588
16206
17838
16754
12983
17712
29284
15992
10853
10240
14158
6808
8552
5909
6667
12175
12309
11616
9077
9487
12162
7663
13367
11576
9123
12071
13426
7250
5697
8808
7135
11683
13574
12238
11747
5549
6677
9947
10683
8322
6419
5510
9347
9480
12045
11067
11449
8411
11067
7314
9244
6339
7731
7632
10372
13159
7798
5724
10779
12016
8620
10013
10130
19033
16882
16114
14079
10763
14867
14312
21125
17728
10838
13123
13806
9330
4932
8662
6780
11581
9025
8281
7855
13456
7028
11809
15629
15295
8298
10960
11646
8114
5946
11566
8446
13971
12838
13730
11961
9215
8396
13790
13528
9045
4750
5677
8175
7250
4851
9284
7458
6340
5892
4119
5826
6762
5023
7441
8311
14216
7659
7115
12658
12917
4877
10298
8611
13992
11716
13829
11951
11598
11300
12592
17311
15640
9497
8025
15215
7334
7187
6232
8891
10301
8784
6254
9320
11746
11279
8739
17802
10364
7138
9345
13074
9330
4604
6901
7248
9627
9087
8409
9039
7301
6120
8628
12177
9490
5700
4776
10043
6808
7175
5817
8617
7980
7587
5682
8292
7750
5889
5636
10589
17860
9751
8545
15216
15493
11188
10485
14972
18903
14578
11223
16941
16680
16743
16273
29154
40063
17121
23700
32039
17860
10610
11205
17050
12664
9760
7957
13127
25582
15379
19228
29302
17248
7551
11149
12429
14216
6751
10126
12854
8844
7535
6730
7643
12148
7596
11957
17152
18606
6968
8862
14882
13159
7522
7836
13637
7723
4589
4595
9138
11024
5811
7950
14516
23004
11515
12150
24427
23366
12188
12670
20822
15419
9316
10365
10987
26589
15925
18360
34770
26618
17874
16560
24580
9490
13619
10419
11792
13333
19051
13812
13416
17450
25424
13525
24901
14406
10098
13969
17022
9045
6705
8102
7750
6649
10242
9811
9341
7005
11562
13178
15005
9642
9675
8368
13324
8322
13335
9415
10797
6770
11478
7110
9612
8238
11517
8743
14221
18606
10326
6990
16069
11336
13404
9726
15146
14884
16328
15197
14895
16702
30059
20219
41123
26996
15489
20824
22325
10364
11895
10987
10184
10772
13181
10157
11385
26397
10623
25148
26503
15348
7739
13536
14619
15295
9276
14338
9966
8934
11088
9920
9762
13202
12860
18567
20663
14406
6701
8487
11920
11576
7916
12461
11103
7878
6722
5832
7313
12308
9423
13218
15412
17248
9394
11186
16721
13051
9465
11232
11668
9942
9202
8855
10267
17983
18187
22012
30268
41614
20959
15829
34519
15640
15651
9877
16361
18769
15507
10243
15714
28376
25655
15521
36981
26996
13564
18994
27300
17728
10361
10770
14498
11560
11412
9926
12892
20115
16787
20085
39538
26618
12636
13006
27610
15992
13575
11076
19538
12917
11648
8197
15230
18717
14074
12146
29582
40063
19383
20891
38875
30148
18024
14951
35022
27153
20705
15318
27275
45459
36494
30359
48425
