11425
8903
12554
15538
10994
4837
5440
7825
13907
8907
7288
7901
15805
7932
9964
11506
11720
4217
6168
7047
5558
2915
3514
4372
4869
4155
4149
3744
6081
3908
4700
7552
15958
4942
6130
9026
7538
4978
4240
6693
6035
4532
3019
5409
6941
3368
4086
7504
13656
6385
6280
12383
10238
4537
4441
6809
8792
5117
6456
5627
10786
5554
6271
9397
10828
5838
5990
7611
3769
3160
2023
3411
5167
4560
3768
3706
4417
4738
3325
6535
5469
3425
3680
4737
2497
1576
2103
2436
2757
2750
2015
2668
3207
2338
2623
4786
4630
2771
2413
3980
3460
3519
1881
3844
3186
3028
1859
2908
2808
2379
2543
3800
4739
2683
2330
4654
4398
2388
1965
3771
3803
2984
3570
3250
5382
4228
4011
6724
16147
5893
9997
9085
4991
2998
3515
3735
5545
4098
3896
4145
8415
2132
7174
7960
7648
3364
5129
4984
4589
3168
3340
3580
3883
3405
3369
3595
5422
3148
4972
5570
5521
1967
5153
3744
3775
2067
3642
3689
2582
1990
2063
1974
4790
2304
4446
4872
6271
2580
3713
5661
3986
1784
2337
3181
3848
2382
2997
3108
6655
3160
4842
6724
14268
5744
4865
9892
6739
4090
2997
5734
5669
3933
2443
4288
9130
6814
5986
10429
10619
4763
5769
8133
5148
2801
2870
4487
4331
3524
2525
3661
5376
3602
4259
7639
9312
4120
3540
6923
4585
3232
2619
5371
6104
4632
3121
5248
4625
2947
2635
6393
10630
4540
5029
8953
7501
3573
3057
6190
7292
4336
3539
4863
9759
5648
5519
9397
10883
5335
5544
7820
6821
3409
3566
5391
5564
4754
3520
4121
6210
4264
4535
6707
3877
1683
2112
2917
4190
1947
2670
3688
2130
2025
1699
1858
2464
1693
2387
3854
5744
2351
2262
4268
5340
2716
3281
4011
3708
3350
2036
3341
3219
1864
2232
4426
4113
2346
2136
4477
6393
2766
3358
4437
3407
2346
2834
2496
5383
3469
3845
6393
4947
3269
2872
4322
2723
2960
2024
2677
3739
3836
1891
3500
2833
3704
2388
5113
2555
1664
1896
2192
1899
860
1467
1602
1844
2176
1995
1495
1523
1498
2123
2246
2725
1583
1335
2292
2859
2757
1819
2735
2064
2203
1542
1426
1949
2251
1740
2857
2652
1631
1204
2327
2483
2026
1774
2591
3092
2926
1850
2615
2505
3050
3097
4872
4923
2518
3156
3624
3063
2030
2364
2335
2377
2288
1927
1847
3581
1911
3465
3935
3518
1718
2249
2887
4169
2403
3421
3389
2259
2385
2081
1348
2653
2120
3082
4077
3179
1538
1804
2624
3887
1732
3480
2763
2021
1819
1266
1584
2796
1801
2594
2857
2838
1532
1567
2733
3131
1650
2143
2427
2869
2057
2136
2022
2782
2316
2630
3800
6127
2389
2077
3922
3236
1890
1648
2793
2428
1799
1016
1329
3462
3016
2553
4635
4344
2136
2108
3958
2771
1496
1789
2857
2050
1921
1523
2030
2665
2139
2204
4745
4584
2379
1759
4313
3122
2147
2165
4410
4137
3906
1721
4204
2889
1928
1793
4426
4622
2809
2492
4780
5386
2922
2764
5765
4136
3150
2462
3823
6151
3920
3805
7504
14985
5971
7493
11089
5709
3020
3624
5137
9470
6384
4729
6762
6855
3711
4826
8341
4418
1931
2369
3458
2862
1786
2179
2750
3065
2355
2756
2265
2348
1379
2118
3759
5582
1810
2295
4335
3720
1897
2600
3527
2989
2235
1653
3354
2814
1503
2217
4745
6852
3427
3227
6633
2758
1266
2201
1540
6737
3854
4684
4710
5436
2957
4172
7639
6527
4191
4037
5908
3030
2626
1936
2819
4738
3647
3515
3484
3142
3294
2607
5563
3905
2597
3155
3871
2623
1996
2322
2426
3098
3059
2550
2734
1926
1827
2678
3855
3593
2099
2020
3547
3672
3172
2790
2953
2719
2914
2027
2833
2292
2177
2293
4077
4797
2144
2220
4477
3623
2168
2300
3471
5218
3627
4118
3771
2681
3170
3030
5570
5084
2751
3279
3891
2460
1018
1910
1917
4259
2570
3399
2759
3170
1283
2676
4340
3464
1919
2264
3036
2675
1475
2851
1342
3905
2932
3077
2833
2441
2064
2956
3855
2576
994
1612
2076
2419
1119
2330
1979
1862
1528
1363
1391
1575
1017
1779
2246
4412
1738
2011
3808
3433
1016
2354
2258
4259
2623
2939
3105
3128
2474
3136
4786
5909
3180
2504
5558
3451
2166
1934
1814
3415
2417
1557
2798
3698
3153
2895
6217
3614
2223
2545
3515
2400
1145
1595
2153
2559
2134
1869
2430
2018
1377
2354
3759
4002
1958
1633
3936
2157
1670
1644
2765
3009
2307
1975
2884
2125
1473
1491
3854
5909
3013
3208
5671
4197
2457
2348
4350
4964
3183
2684
4163
5036
3582
4175
7552
14549
5334
7322
9775
5603
3442
3197
5385
4130
3333
2731
3878
7688
5396
5568
8307
6338
3217
3487
4760
4432
2055
3092
4092
3025
2478
2058
2336
3656
2726
3621
6217
5492
2122
2770
4431
3800
2370
2392
4107
2154
1512
1133
2592
3379
2089
2517
4635
8687
3557
3729
7596
7777
4133
3608
6800
5627
3235
3593
4040
7317
5190
5464
10429
9058
5137
4861
7447
3575
3749
2249
3745
4405
4730
3242
3730
4075
5840
3810
7079
4423
2926
3662
4618
2567
1996
1746
2423
1913
2365
2294
2443
2394
2686
2962
4340
4056
2547
1737
2586
3059
2857
1703
3557
1851
2342
1352
2195
2335
2457
2052
3935
4175
2286
1716
4193
3158
2591
2019
4011
3403
3109
2946
3280
3610
4822
3812
7960
9001
3888
5473
6539
4382
2523
2842
3351
2701
2726
2017
3352
5174
2055
5750
7079
4999
2327
3605
2436
3808
1916
3113
3224
2422
2354
2479
2441
3736
2494
4345
5563
5875
2417
3203
4468
4790
1982
3700
4744
2745
1965
1789
2588
3811
2553
3848
5113
4349
2200
2819
4463
3781
1764
2053
3062
2470
1776
2119
2218
4780
3093
4682
6535
12060
4668
4225
8348
4910
2872
2164
4432
5278
3247
2243
3371
5761
4991
4018
8307
7108
3062
4133
6143
4035
1994
1929
3791
2686
2078
1877
2864
3832
2863
3698
8341
7443
3242
3104
6925
4378
2835
2173
5413
3555
2525
1772
3650
3610
2640
2478
6707
9689
4039
4750
9096
7635
3360
2923
7778
6227
3888
3152
5282
8661
5878
5963
11506
9589
4699
5782
7205
4659
2389
2893
3738
5353
3446
2785
3671
4886
3871
4271
5282
6300
2746
3392
4502
2983
1807
2219
2849
2877
2451
2365
2673
3102
2139
3183
4163
5917
2304
2424
3901
4091
2407
2493
4133
2999
2604
1692
3171
3117
1794
2003
3823
4467
2917
2354
5068
4032
2398
2142
3075
3473
2539
2827
2803
4511
3075
2987
4863
3473
2046
2091
2657
1520
1651
863
1300
2065
1568
1494
1575
2040
2030
1273
2218
3348
2524
2780
3299
1745
1272
1384
1735
2293
2415
2026
2158
2249
2176
2326
3105
1916
1308
1084
2084
1527
1743
981
2052
1240
1727
904
1566
1100
1313
697
2022
1977
1114
1103
2026
1653
1241
873
1369
1864
1421
1698
1391
1907
2036
1892
3108
5322
2577
3639
3357
2250
1605
1758
1591
2226
1679
1617
1557
3592
1463
3119
3280
4431
2507
3902
3239
2646
1642
1823
2156
2567
2815
2228
2519
2751
2079
2087
3771
3352
1688
2570
2296
2442
2041
2281
2462
1611
1678
1230
1482
2344
1847
2344
2615
2876
1406
1671
2524
1994
914
1231
1449
2229
1486
1521
1391
2859
2215
2714
3250
3999
1950
1739
3299
2380
1708
1399
2126
1978
1662
950
1768
3092
2792
1783
4040
5976
3518
3318
5026
2398
1759
1652
2293
3164
2787
1918
2721
2652
2051
2586
4710
3390
1971
1491
2687
1995
1785
1391
2131
2497
2385
1643
2151
1485
1465
996
2496
4739
2648
2552
4074
3469
2147
1795
2776
4113
2585
1862
2803
4418
3236
3319
5627
5047
3218
3272
3692
3839
2468
2504
3042
2994
2941
1937
2253
3712
3161
2630
3650
2592
1799
1505
2396
4205
1943
2932
3288
2363
2383
2093
2009
1972
2139
2008
2884
4552
2280
1882
3523
4626
2898
3388
3877
2169
2368
1432
2381
3103
2351
2170
4204
2670
1728
1420
2814
4972
2445
2801
3989
2616
2419
1210
2151
3501
3681
2895
5248
2295
1662
1531
1825
1490
1441
1226
1658
1870
2115
1177
1559
1658
1863
1574
2588
1861
1243
1205
1516
1071
425
868
1066
1479
1413
1410
1061
941
1035
1035
1391
2133
1344
838
1468
2065
2051
1841
2080
2031
2543
820
1606
1104
1341
1044
1584
1500
744
672
948
1638
1091
1248
1480
2528
2033
1245
1482
1366
1620
1657
1974
3005
1975
2561
2071
2464
1690
1999
1624
1676
1798
1629
1280
2502
1482
2467
2195
2683
1887
2203
2471
3695
2297
3527
2976
2548
3019
1368
1749
1805
1813
2692
2833
2706
1527
1752
2275
3494
2211
3351
2502
1684
2169
1234
1606
1318
1206
1576
1426
2109
1136
1202
1949
3280
1712
2194
2526
2109
1787
1866
1566
2582
2164
2392
2908
3819
1452
1324
2543
2244
1421
1208
1804
1381
1089
352
1116
1970
1635
1592
2592
2702
1543
1380
2196
2225
1394
1646
3202
2094
1998
1602
1698
1962
1341
1699
3354
3637
2455
1494
3429
3373
2367
2312
3937
2330
2234
1347
2381
2378
1768
1663
3341
1923
1382
1074
2392
4100
2447
2413
3985
3499
2985
1694
3171
4861
3047
3095
5409
4562
2418
2661
3251
2877
1746
1972
2409
3554
2763
2168
2462
2730
1957
2327
2864
3052
1707
1838
2442
2562
1364
1836
2180
3050
2545
2180
1821
1572
960
1735
2430
2736
1076
1204
2207
2532
1601
1952
2400
2098
1817
1159
1698
1433
954
1298
2030
3221
1809
1750
3241
2612
1711
1751
2061
3819
2475
2514
2721
2601
1891
2625
3661
3043
2081
2125
2513
1518
1726
1227
1409
2470
2282
2139
1667
1666
2129
1640
2441
3246
2453
3145
3117
2084
1560
2246
2189
3346
3650
3166
2631
1525
1809
2466
2833
1867
1483
1120
2104
2114
2484
2069
2733
1711
2703
1660
1749
719
1017
806
1348
2106
1296
940
2210
2491
1453
1783
2292
3611
2658
3010
2519
2147
2548
2549
3595
3088
2056
2127
2070
1880
734
1392
1217
1892
1223
1319
1089
2301
1285
2034
2443
3648
2582
2538
2979
2556
1417
1905
2121
3722
3016
3221
2631
1704
1907
2260
2734
2155
844
1036
1503
2230
1293
2211
1624
1341
1398
777
1061
1332
1105
1140
1495
2969
1468
1352
2258
2772
844
2077
1620
2789
2261
2119
2158
2203
1932
1994
2668
2481
1669
1231
2262
1685
1213
769
1586
1304
1398
776
1241
1378
1563
1454
2336
2253
1659
2109
2280
1806
1069
1423
1782
2305
2084
1501
1821
1309
1161
1559
2265
2417
1380
999
2380
1426
1478
1298
1977
1761
1578
1068
2009
1214
1181
879
1858
2423
1541
1218
2318
3264
1754
1947
2956
2872
2231
1905
2673
2951
2252
2583
3744
5743
2361
3672
3938
2247
1210
1176
2311
1819
1128
1228
1693
3123
1827
2451
3371
3059
1678
1991
2592
2102
989
1465
2030
1851
1357
1271
1241
2186
1260
1791
2798
2347
895
1231
1843
1831
992
954
1868
978
562
498
1116
1238
546
813
1329
3274
1416
1546
3216
3698
1438
1793
2825
2587
1440
1459
1768
3764
2011
2557
4288
3636
2348
2254
3146
1335
1694
1190
1473
1600
1769
1463
1329
2546
2849
1828
3352
2042
1605
1947
2261
1178
1073
1055
1229
1112
1474
1416
1089
1354
1560
2041
2759
1806
1373
702
1972
1231
1721
1152
1676
953
1529
733
1280
1299
1534
1035
1847
1892
1201
873
2078
1510
1649
961
1856
1509
1666
1349
1557
1997
2968
2169
4145
4377
2542
3003
3494
2140
2024
1961
1882
1240
1765
1213
1329
3556
1862
3346
3730
2951
1953
1428
2744
2264
1442
2067
1725
1559
2189
1662
1667
2275
2410
3936
3484
3733
1772
2358
3325
3401
1944
3653
3191
1395
1263
1122
1559
2770
2227
3331
3500
2519
1304
1598
2342
2106
1266
1532
1735
1566
1384
1060
1575
2699
2538
2800
3706
5094
2616
1459
3958
2815
2139
1252
2570
2268
1762
1127
1693
3570
3137
2072
3878
4812
2973
2380
4928
3087
1989
1995
2821
2404
2523
2009
2462
2929
2881
3326
6762
4094
1837
2012
3949
2646
2347
1879
3532
2223
2015
1285
2253
2627
2152
1837
4121
4800
2614
3027
5180
4346
2220
1993
4663
4146
2657
2010
3671
5739
4149
4109
7901
13615
5467
6537
9403
6083
2729
2996
4620
6276
4702
3459
4663
7682
4775
5736
7778
5723
2335
3189
3725
3320
1514
1971
2952
2761
2985
2377
2956
2887
2311
2863
4350
10351
2880
3409
6753
5110
2946
3253
5559
3399
3099
2198
3985
4609
2721
2803
5765
4180
3370
2203
5604
3947
2127
1804
3042
3556
2574
3504
2776
6341
2271
3932
6190
3947
2146
2594
2981
1627
1411
1128
1459
1993
2066
1544
1735
2233
2298
1999
3062
2692
1666
2122
2129
1313
800
1293
1530
1535
1775
1522
1620
1486
1328
1914
2258
2928
1834
1623
2738
1849
1766
1338
2407
1861
2297
1359
2526
1493
985
1391
2427
1287
1329
695
1982
1434
889
765
1276
1587
1455
1716
1449
2456
2093
1778
3181
5378
2567
3607
3594
1718
870
1227
1451
2103
1724
1551
1856
3618
1204
2836
4011
3603
1451
2703
2373
2135
791
1598
1992
1905
2221
1811
2292
2050
891
2466
3471
2983
1284
1863
2300
1692
1136
1782
2057
1394
1262
1168
1480
2036
1282
2447
2591
1960
1326
1217
2579
1574
670
861
1276
1567
1353
1873
1369
3528
2019
2435
3771
8301
3622
3479
5420
3705
2339
1724
3186
3193
2762
1449
2825
4885
2896
3514
6800
2890
1758
1749
2453
1660
785
1198
1512
2251
2316
1693
2061
949
860
1003
1540
7104
2660
2512
5779
3384
2037
2192
3864
3946
3115
1983
3989
3382
2240
1940
4437
3981
2611
1960
4955
3552
1609
1517
3042
4379
2920
2616
3075
6949
3708
3411
6809
6922
3520
3685
5411
4982
2413
2654
4123
4107
3305
2592
3532
4701
3843
4088
5413
3027
1474
1989
2126
3666
1556
2439
3400
2275
2045
1844
1977
2097
1450
2035
2765
5687
2554
2435
4355
5676
2488
3548
4031
3969
3466
2327
3937
3406
2126
2163
4410
2692
1646
1396
3287
4788
2026
2425
3864
2687
1521
2774
2131
4690
2676
3400
5371
3289
2375
2370
3069
2164
2569
1784
2265
2997
3470
2350
3191
2690
3294
2306
4744
2094
1537
1824
2003
1596
1106
1665
1606
1742
2059
1895
1624
986
1472
1832
1979
2739
1874
1651
2648
2426
2859
2222
2776
2514
1738
2010
2502
1792
2220
1830
2763
1204
914
590
1543
1926
1456
1511
2057
2885
2356
2028
2462
2335
2615
2679
3689
3235
2157
2712
2693
2516
1808
2098
1960
2005
2052
1756
1676
3209
1964
3051
3557
3452
2130
2673
3193
3856
2180
3924
3649
3170
3051
3319
2733
1742
1805
2590
2953
2655
1303
1736
2403
3464
2264
3342
2776
1841
2105
1334
2080
2242
1873
2293
2735
2189
1178
1164
2501
2845
1543
2159
2407
2938
1847
2451
2052
2981
2448
2659
3844
5367
2283
2262
3725
2832
1530
1333
2376
2034
1181
1118
1868
3039
2585
2173
4107
3336
1681
1921
2449
2296
1210
1603
2602
2183
2323
1993
2400
1928
1539
1884
3527
4879
2567
1897
4546
2941
2090
2596
4031
3770
3385
1909
3877
2829
2212
1636
4011
2276
1598
1254
3380
4716
2393
2597
5559
3726
3057
2585
4133
5380
3663
3376
6693
5151
2390
2502
4455
3233
1319
1797
2977
3579
2629
2094
2821
3671
1834
2505
3791
2723
1207
1308
2009
1385
607
1010
1136
2070
1923
1764
1782
1389
972
1368
2153
4223
1490
1911
3185
2628
1394
1810
2602
3132
2032
1535
3202
1837
1145
1875
2857
2688
1382
1336
3567
1765
615
1367
1512
2500
2135
1983
2293
3572
1898
2425
4487
3107
1902
2150
2807
1758
1418
1144
1713
2407
1983
1715
1725
1913
2088
1801
3224
2283
1554
2222
2387
1271
766
1638
1174
2703
3000
2245
2121
577
841
1452
1342
3041
2110
1800
3407
2681
1224
2324
3649
2343
3341
1778
2976
1667
1863
1716
3389
1604
1203
666
2115
2173
1276
1301
1992
2725
2298
2453
2156
2052
2498
2157
3580
2691
1127
1787
2145
1148
475
822
1037
1588
1101
1179
1229
1934
725
1743
2423
2533
1062
1629
1911
1331
369
1382
1174
2402
1744
2225
2189
1360
787
1696
2426
1726
755
1003
1684
1379
762
1353
1606
1451
1153
625
1066
1191
621
988
1602
1525
680
832
1671
1560
425
1015
1530
2020
1265
1578
1735
2018
1304
1632
2436
4664
2037
2442
3711
1865
601
1138
2203
2131
1706
1119
2030
2235
2399
1967
4092
3062
1520
2139
2816
1283
568
1204
1136
2495
2186
1942
2180
1527
951
1759
2750
3729
2015
1932
4135
2335
1534
1922
3400
2757
2703
1347
3288
2442
1848
1878
3688
2442
1407
1219
3391
2844
1281
1755
2952
3108
2180
2315
2849
3867
2262
2453
4372
5669
2587
3381
4724
3110
1854
1851
2912
2249
1705
1294
2570
4087
3257
3165
4432
3019
1612
1905
2355
2473
949
1768
2203
1970
1393
1439
1586
1295
989
1294
1814
3329
1311
1785
3075
2658
1493
1579
2376
1501
930
842
1804
2317
1507
1418
2793
3081
1190
1612
3511
3595
1454
1803
3186
2399
1651
1802
2126
4167
3094
3225
5734
3104
2165
1771
3144
1610
1646
1146
1638
1958
2275
1607
1882
2396
2423
1991
3351
1885
1368
1460
2067
1136
709
902
1037
1204
1229
1382
1217
944
1544
1477
1917
2048
1013
1319
2282
1546
1884
1275
1960
1266
1744
1084
1624
1442
1691
1230
2335
1442
855
651
1594
1210
1093
754
1451
1790
1694
1645
1591
1925
2023
1921
3735
3879
1872
3030
3011
1897
1281
1684
1638
1399
1389
1255
1473
3430
1578
3583
3745
2051
630
1941
2044
2052
854
1939
1713
1392
1632
1592
1409
1993
1189
2345
2819
2692
1288
1582
2438
2315
1161
2003
2265
1735
1411
1175
1658
2314
1612
2400
2677
1707
865
1330
2125
1767
874
1103
1459
1450
1005
1288
1300
2777
1744
2465
3411
6656
2825
2665
4902
3034
2034
1535
2912
2824
2197
1414
2311
3682
3254
2214
5385
3988
2110
2820
3683
2801
1311
1874
2977
2515
2269
2146
2409
2374
2231
2669
5137
4921
2136
2236
4975
3018
2176
1922
4123
2627
2092
1541
3042
3301
2093
1802
5391
4270
1956
2360
4414
4138
2119
1748
4620
3935
2671
2668
3738
6398
3887
4130
7825
15816
6304
6954
9797
5646
3526
3253
4414
8233
4868
3922
5180
8642
5675
5200
9096
5638
2681
2889
4008
4022
2106
2274
3391
3198
2746
2477
2318
3452
2698
2714
5671
5241
1876
2299
3065
3936
2415
2425
3380
2998
1946
1612
2392
3451
2142
2284
4780
7939
3181
3260
6818
5929
3570
2527
4955
5008
3362
3100
4074
5918
4282
3925
8953
6072
3580
3235
3834
2828
2314
1497
2125
3569
2966
2245
2342
3175
3137
2179
4463
3916
2310
3071
3361
2045
1268
1516
1671
2359
2217
2020
2258
2574
1873
2438
3808
2371
1674
1393
2440
2010
1977
1162
2501
1813
1835
1271
1949
1282
1505
1211
2733
2711
1745
1417
3088
3087
1698
1374
2579
2795
2415
2234
2524
3644
3488
3170
5661
6137
2657
3650
3625
2336
1456
1673
1594
3013
2099
1898
2078
4773
1242
3476
4193
3573
1941
2228
3037
2844
1710
1950
2115
2391
2059
1781
2210
2749
1969
2710
4477
1846
804
1757
1389
1990
777
1501
1543
1250
784
841
948
2284
1203
1975
2327
3433
1329
2068
3088
2655
1392
1540
1982
2485
1766
1651
2026
3697
2291
3024
4654
10285
3922
3781
6434
4151
2327
1708
3511
4589
2738
1707
3216
5800
3941
3436
7596
7703
3393
3970
4928
4641
2431
2608
3567
3524
2848
2038
3241
4647
2985
3830
6633
5961
2812
2521
4161
3248
2176
1873
3287
3529
2748
1729
2814
3110
2065
2054
4477
7267
3550
3157
6818
7008
3540
2807
5604
6548
3897
3160
5068
9046
5909
5021
12383
9219
5259
5855
7277
6347
3528
4108
4975
5334
4753
3698
3949
7202
4962
5283
6925
3475
1726
2218
2624
4681
2481
3856
4135
2678
2886
2101
2380
3024
2296
3080
3936
4915
2237
2197
3963
6130
3536
4214
4546
3571
3352
2312
3429
3497
2118
2566
4313
4168
1991
2307
4161
8038
3256
4482
5779
3587
2655
2765
2687
5452
3645
4038
6923
3972
2515
2331
3102
2443
2458
2007
2438
4038
3842
1931
3325
3318
3354
2380
4468
2649
1563
1574
2389
2086
1224
1724
1684
1740
1806
1733
1503
1377
1547
1825
2076
2141
1250
1004
1724
2654
2482
2158
2403
2140
2903
1707
2275
1696
2024
1719
2624
2020
854
903
1389
2551
2064
1908
2300
3326
2848
1597
2296
2320
2769
2635
3744
4301
2783
3183
3057
3247
2790
3156
2282
2676
2680
2363
1972
3193
1788
2983
2586
2830
1688
2342
2487
4300
2613
4189
3407
2090
3094
2697
2104
2672
2160
3402
3547
1970
1115
1330
1724
3551
2160
3431
2648
1547
1789
1190
1468
2233
1681
2440
2292
2468
1194
1409
2440
3764
1932
2888
2738
2624
2062
1968
2084
3248
2528
3133
3980
5906
2279
2090
4607
3386
1906
1595
3075
1343
1440
909
1843
4054
2891
2308
4431
3008
1463
1729
2556
3348
1532
1874
3185
2198
1892
1686
2207
3031
1987
2316
4335
3789
2358
1682
3963
3591
2597
2579
4355
3464
2951
1624
3523
3189
2032
1965
4268
2882
1654
1784
3065
6265
3176
3144
6753
4281
3165
2341
3901
7647
4421
4587
9026
10048
4485
5227
7540
4471
2726
3218
3683
6762
4775
3562
4928
5932
3438
4365
6143
4609
2242
2811
3412
3169
1755
2596
2816
3579
2483
3053
2280
2640
1417
2592
3515
3078
1242
1660
2556
3354
1892
2510
2449
2470
1770
1398
2196
2984
1270
2364
3958
5343
2402
2917
4928
2358
1946
2321
2453
7203
4206
4027
5026
5069
3079
4522
8133
4666
2910
2867
4176
2024
2121
1419
2044
3967
3231
3228
2744
1693
1919
1234
2436
3373
2076
2959
3236
1909
1352
2054
1911
3357
3216
2923
2979
1791
1693
2506
3036
2205
1598
1333
2487
2391
2633
2378
3193
2276
2584
1659
2471
1451
1657
1881
2887
3140
1685
1491
3037
2798
1741
1989
2373
4580
3442
3254
3239
2905
3339
3378
4984
5835
3242
3806
4138
2695
1202
2349
2067
3462
2273
2169
2261
3970
1690
3242
4618
4767
2340
3083
3236
1978
1407
2562
2387
3807
2825
3397
3117
3312
2261
3593
3871
2821
1253
1569
2389
2117
982
2358
2003
2022
1492
1111
1516
2142
1181
2168
2192
3956
1640
1814
3361
3448
1162
2309
2129
3599
2664
3138
3299
3238
2879
3185
4737
4110
2490
1886
3943
1938
1707
1533
2355
3042
2105
1478
2592
3047
2756
2398
4760
2955
2002
2724
3412
2136
1036
1721
2009
2389
2369
2141
2442
2079
1679
2378
3458
2488
1327
1105
2624
1642
1709
1310
2126
2381
1929
1465
2396
1985
1244
1416
2917
4653
2372
2308
4008
3825
2323
2362
3725
4810
3572
2724
4502
4298
3609
4063
7047
12452
5371
7013
9683
5292
2841
3158
4902
4055
2891
2367
3958
7737
4227
5188
8348
5469
2324
3479
3943
4008
1679
2667
3711
2614
2068
1824
2262
3822
2150
3411
5558
5971
1954
2534
4607
3872
2016
1901
3725
2248
1199
1150
2543
3213
1515
2122
3922
6014
2678
3108
6434
6375
2955
3244
5420
4823
2607
2885
3299
7735
4451
4882
9892
7442
4496
4204
6183
2795
2847
2060
3011
3721
4083
3349
3494
4611
5632
3098
6539
4120
2354
3194
4138
1992
1623
1823
2145
1678
2040
2123
2070
2239
2755
2916
3891
2478
1928
1713
3057
2180
2420
1768
2693
1629
1848
1301
2071
1851
2345
2057
3624
3596
1788
1585
3625
2730
2467
1840
3594
3136
2871
3100
3357
4494
5851
4301
9085
8183
4104
6110
6183
3230
3122
2972
3144
3040
3230
2715
3146
7457
2629
6837
7447
4099
2050
3832
4176
3830
2184
3373
2807
2193
2492
2235
2513
4007
3019
5111
5908
3860
1666
2263
3102
3140
1548
2930
3069
2162
1590
1393
1825
3462
2148
3219
4322
3727
1837
2292
3834
3624
2051
2315
2981
2451
1921
2124
2657
5040
3919
5146
7611
12557
5535
4262
9683
4848
4024
2467
4724
5606
3657
2584
3938
8038
6579
4222
9775
7461
3821
5237
7540
4718
2765
2630
4455
3146
2710
2371
3251
5265
4469
5150
11089
7056
2897
3394
7277
4528
2886
2663
5411
3638
2630
2084
3692
4585
3007
2900
7820
9212
4257
5387
9797
8503
4437
3210
9403
7592
4593
3927
7205
13059
8821
7787
15538
9510
6050
7010
7787
5130
3876
3560
4130
7101
5110
3759
4109
6667
6005
4682
5963
5712
2960
3537
4063
3840
1976
1928
2453
2940
2959
2405
2583
2485
3250
3103
4175
7145
3291
3324
4587
3815
3268
3168
3376
2839
3148
1728
3095
3424
2851
2406
3805
5793
4002
2896
5021
5030
3583
2856
3411
4589
3693
3722
3319
4274
4722
4032
5519
6900
5234
4730
5146
2320
3726
2124
2465
3429
4111
3049
2800
3002
5083
2841
4682
3441
2559
3407
3185
1996
1568
1885
1632
2044
2968
2004
1994
1503
2598
3213
3136
3231
2730
2287
3133
2175
3790
2174
2659
1968
3523
1530
2392
1996
2602
2453
2630
3616
2594
1499
3024
2448
2307
1711
2435
3217
3229
3608
2714
2489
4567
3096
4842
6829
3824
5265
4301
2373
2740
2391
1921
2616
2907
2173
2169
3798
2194
3883
3812
4616
2625
3693
3378
3035
2239
2809
2157
2479
3685
2397
2549
2700
3424
4347
3030
3199
2281
2445
2635
2378
2623
3376
2679
1519
2475
1299
1657
2416
2829
3008
3097
3438
2371
1873
3170
2249
1904
1883
1778
2331
2141
2208
1892
2781
3683
3096
4011
6549
4013
2916
4882
3260
3711
2462
3225
2985
3148
1570
2557
4225
5719
3264
5464
5886
3421
3883
4522
3573
2028
2102
2425
2236
3055
1986
2625
2151
3340
3327
4172
4660
3107
2503
4038
2697
3126
2543
3400
3219
3924
1999
2895
2845
2777
1896
3845
5745
3335
3002
3925
3949
3006
2079
3932
4288
3636
2537
2987
4152
5574
4032
6271
4256
2611
2379
2900
2764
2025
1738
1802
2461
2511
1828
1837
2544
2236
1895
2478
1757
1136
1327
1416
2395
1317
2042
1878
1125
1242
975
879
945
1311
1296
1491
2382
1483
1329
1965
2258
1662
1843
1636
2013
1880
1269
1663
1424
1188
1180
1793
1878
1623
1224
2054
3326
1824
2200
1940
1580
1378
1456
996
2154
1897
1896
2635
3755
3633
2611
3219
2283
4581
3016
2400
3330
4332
2294
3331
2249
4363
2240
3848
1620
1718
1935
2168
1613
1176
1629
988
1342
2318
1839
1140
686
1813
2320
1779
2629
2826
2101
2440
2225
4529
2759
2293
2418
4106
2003
1576
1705
2933
2095
2594
2491
2161
914
1975
2187
2928
2174
2447
2719
3305
2382
2344
1406
4065
3008
4446
2216
2169
2301
2057
1494
2069
2198
1230
1233
1881
1282
1035
1973
2266
2448
2052
1969
1491
2291
1881
2746
2107
3325
1716
1205
2533
1867
806
1106
2427
3462
2293
1827
1197
1144
1719
2174
2422
2958
1830
909
1961
823
1044
1461
2032
2095
1740
1637
1232
985
1211
1750
1854
2160
1391
1020
974
909
697
1246
2842
2453
2543
3023
1666
1139
2122
1593
1691
1104
1418
1373
1532
777
813
1704
2436
1271
2517
2320
1322
1457
2364
1685
1186
1140
1875
1403
1481
1041
1298
985
1594
1367
2217
2870
2161
1335
2566
1733
1982
1664
2163
1998
3103
974
2170
1491
1724
1180
2232
2637
1882
1003
2284
2833
2465
2072
2803
2368
2487
1714
2003
2440
3404
2406
4086
6617
4223
4095
5150
3675
2944
3216
2669
5091
4625
3207
3326
2803
2986
2978
3698
2480
1576
2194
2378
2698
1413
2225
1759
2657
2243
2512
1559
1092
1378
1896
2354
3331
1362
1723
2316
2427
2025
2288
1884
1886
1877
1416
1699
1375
1135
1367
2204
4672
2914
2588
3830
2410
1744
2959
1003
4116
3147
3224
2586
2534
2618
3327
4259
4899
4540
4017
5111
2517
4452
3331
2345
4789
6404
5250
3936
2331
4770
3069
4345
2767
2828
4602
3593
2117
2000
2525
1696
2398
3278
2809
2260
740
2424
3512
2956
2878
3001
2399
3402
3437
5496
4798
2590
2289
4449
2307
2692
1866
3387
3462
3082
3350
2395
1319
2710
2853
2929
3696
2466
2704
3101
2832
2087
2050
5365
4347
4972
3698
3099
3465
2916
2039
1571
2736
1477
2710
2847
2458
2041
2342
2078
2685
2962
2796
1941
2704
2506
2912
1786
3852
1452
2773
3620
3573
2466
1277
2264
3512
2678
2102
1218
1434
1825
2272
1653
3210
1832
1308
1691
1234
1035
1199
1646
2320
2123
3001
1927
2146
2438
2830
1632
3325
1914
2644
2977
2803
2326
1865
2783
3213
2623
3608
3007
1931
3411
2038
2475
1873
1294
2334
2505
1360
1791
1680
2919
1748
3621
2500
1715
2351
2592
1840
1180
1595
1368
1691
2160
1736
1735
791
1402
1896
2118
2877
2038
1476
3080
1675
2324
1913
2035
1713
2316
1517
2008
1258
1433
1296
2387
4110
2538
1807
2714
3337
2941
3200
2863
3493
3632
2460
3183
2193
3610
3103
4700
5403
3026
2870
4222
2043
2715
1837
2214
1935
2574
1559
2072
3345
3764
2486
4018
2682
1788
1871
2398
2542
1470
1582
1967
1452
1743
1456
1454
1205
2130
1748
2895
2469
1442
1411
2308
1898
2135
1594
2173
1017
1413
778
1592
1592
1840
1271
2553
3987
2567
1929
3436
3637
3178
2394
3514
2180
2001
1466
1783
2935
4310
3264
5986
7187
6033
5090
6837
2626
5086
3484
3583
3523
6007
3701
3346
3667
7614
3431
5750
2266
2561
3740
3242
2318
2019
2017
1743
1366
2715
2418
2034
702
2848
2685
2676
3440
3777
3093
2983
2383
4730
2936
3051
1486
3905
1764
2467
1964
3652
2448
3465
3832
3225
1259
3476
1998
2831
2049
2836
2943
3922
3089
3119
2055
6873
3883
7174
4139
3034
3254
3098
2118
2667
2200
1991
1459
2315
1345
1828
2174
2279
3431
3810
2316
1538
2575
1234
2335
1817
3065
1801
1399
2558
1862
1640
1170
2267
3069
2607
2899
1947
1811
2380
2333
2382
2797
2306
1713
2107
1169
1574
1560
2208
2240
2388
2041
1600
1430
2179
2165
1815
2235
1999
1206
1513
1418
1273
1928
2990
2841
3325
6912
4179
2949
5188
2885
3442
1968
3165
3170
3142
1663
2451
3204
4286
2486
5568
4362
2726
3271
4365
3534
2135
2203
2505
2100
2698
1694
2327
1712
2895
2978
4826
4974
3133
2711
5283
3105
3502
2580
4088
1843
2683
1300
2630
2327
2885
1895
4535
6093
3436
2433
5200
4758
3713
2724
5736
4460
4051
2541
4271
4565
6782
4682
9964
4929
3196
3265
3927
3276
2413
2124
2668
3250
2833
2053
2010
3328
3023
2541
3152
4009
2083
2407
2724
2954
1646
1922
2315
2194
2416
1867
1905
2036
2122
2460
2684
3510
1900
1968
2341
3017
2305
2411
2585
1917
2459
1357
1694
1955
1645
1714
2462
3628
2539
1922
3160
3587
2146
2145
2616
2306
2267
2021
1862
2784
2641
2537
3539
2696
2038
1997
2124
1475
2366
1289
1288
1424
1988
1625
1060
1790
2844
1418
2119
3269
3576
3845
3138
2039
1415
1739
1578
2423
3210
2481
2119
1768
2584
2803
2939
2030
1930
1343
1968
1857
2983
1827
2451
1500
2819
1207
1866
1295
2077
909
2136
1517
1391
933
1651
2115
1801
1714
1873
2064
2062
1907
1521
1948
3021
2208
2997
4444
3543
4109
3100
1859
2476
2467
1645
1898
2282
1585
1349
2943
2584
3089
2946
4075
3564
5221
3254
3779
2589
3262
2453
2805
5209
3327
3010
2057
3934
2832
4118
2199
1890
2034
1597
2035
2393
3001
2028
1103
2387
933
1245
1747
2313
2382
1850
2918
2191
2145
2234
2510
2083
2535
1716
2204
2436
1907
1698
2665
4125
3608
3570
3460
2276
1744
2885
1919
1969
1472
1802
1520
2017
1004
1459
2565
3196
1466
3593
4887
3482
3809
4027
2771
2003
2140
1983
2752
3387
2269
2514
2540
2585
3224
4684
3226
2276
1597
2765
2144
2882
2367
2774
1186
1807
907
1210
2036
2350
1456
2834
3760
2529
2067
3100
3823
3124
2540
3504
3519
3670
2021
2827
4067
4860
3722
6456
2620
1916
1577
2084
1663
1785
1312
1541
1574
2085
1333
1285
1926
1972
1300
1772
1679
1276
1262
1465
2311
1153
1437
1347
1222
1703
1332
1068
775
1712
1517
1975
2166
1546
1002
1624
2294
2194
2217
1909
1353
1897
1014
1347
1213
1431
974
1721
1745
1495
1144
1729
2177
1633
1759
1983
1823
2192
907
1643
1468
2499
1999
3121
1776
1396
1267
1393
1253
1630
1077
1175
1158
1912
876
1122
1391
1792
1169
1789
1010
1064
932
1111
542
399
449
625
823
1139
996
777
580
1117
1234
1363
1414
1438
1074
1190
1316
2227
1470
1334
1340
2489
743
1234
1004
1484
823
1266
887
861
424
841
1140
1266
965
1168
1338
1768
933
1230
1046
1736
1299
2063
2041
1970
1797
1301
1537
1691
1713
1084
892
1593
1235
733
1247
1632
1764
1352
1952
1686
2017
1659
2572
2034
2998
1778
1958
3011
1303
1660
945
2081
2307
2027
1860
1812
1781
1707
2622
2522
3542
2010
952
1471
743
820
1455
1693
2003
1542
1271
1154
801
1271
2090
1361
1814
1359
1308
1318
1207
904
1235
2066
1530
1859
1684
1039
722
1150
1017
799
669
842
684
744
301
498
937
975
778
1133
1973
1237
1174
1398
1421
1155
1157
1535
1418
1501
1191
1159
1105
1130
1416
1653
2742
1975
1355
2312
1976
1934
1813
2327
1364
1858
1014
1432
1355
1341
1269
2036
1379
1233
693
1612
2076
1459
1656
2198
1877
2024
1357
1692
1955
1907
1728
3019
2948
2055
2552
2371
2292
1920
2034
2146
2719
2942
2132
2009
1727
1551
1694
1877
2483
1753
2032
2141
2245
1233
2329
1942
2784
2596
1657
1501
1022
1091
1736
1869
1984
1252
958
1686
2156
1762
2255
1993
1820
2312
1191
1602
976
955
1041
1523
2441
1766
1383
2038
2164
1804
1918
1693
2893
2542
2269
1918
1599
1630
1986
2525
2493
2550
2642
2235
1473
2680
1894
1592
2194
3475
2154
1662
1469
3180
1862
2479
2995
3254
4084
3397
2375
1985
3137
2225
3683
5915
3530
3221
1193
2595
3573
3077
2670
2880
2340
2697
2953
4531
3376
3319
1104
2835
1303
1368
1346
2529
1867
2081
1559
1931
734
1781
2061
1923
2417
1811
2842
3340
3327
2228
1256
3471
2397
3369
2582
2375
2731
2123
1816
1274
2289
1382
1865
2280
1829
1416
2235
2077
2418
2294
3235
2861
3219
2923
2761
1912
3234
2245
3775
4573
3530
3166
1078
2327
2809
2550
2103
1454
1569
1733
2090
1934
2951
1895
1429
1968
996
1410
1305
1862
1839
1995
2167
1729
1400
2020
2188
1232
2440
1522
2807
2789
2481
2026
1221
1995
2004
2015
2103
1518
1285
1824
1435
1366
749
1439
1189
1409
865
1271
1307
2047
1456
2058
2699
2558
3150
3053
2056
1335
2223
1764
2909
3093
1657
2180
1153
1622
2512
2756
2189
1831
1398
2101
1350
2121
1675
1844
1569
2398
1332
2093
1236
1527
975
1699
2663
1933
1243
2477
2518
2057
2081
2377
2640
2540
1867
2365
1892
2536
2405
4149
3684
1550
2424
2584
1406
1030
928
1414
1206
914
637
1127
1834
1400
1663
2243
1981
1362
1433
1478
1218
898
1088
1119
1213
1007
865
776
1213
947
1360
1557
1270
672
900
909
988
710
752
1118
331
380
301
352
841
520
777
1016
1811
1001
1144
1707
1723
1051
1144
1449
1658
1189
1004
950
1971
1408
1570
2443
2639
2413
2390
2715
1049
2024
1436
1255
1166
2158
1030
1213
1776
2696
1345
2017
1874
1872
2366
2169
1373
1171
1462
1179
1128
1953
1829
1319
1660
2385
2458
3399
2132
2525
1018
2363
1295
2832
2100
1756
1063
2998
1235
1629
1382
2181
1282
1927
1917
1789
899
1898
1070
1537
989
1551
1561
2115
1585
1617
1234
2927
2173
3896
3936
3165
3362
3349
1928
2768
2876
1607
1338
2592
1030
1463
3110
2612
3701
3242
3245
2445
2698
3228
2412
2225
2830
1715
1675
3819
2154
2139
1313
3621
5250
3515
2217
2065
1891
1931
1746
2349
2625
2350
1000
2559
876
1177
1754
2411
2294
1891
2362
1925
1546
2245
1634
1785
1982
1544
1562
2146
1625
1494
2102
3517
3049
3768
2832
1742
1016
2367
1285
1955
1222
1294
1130
1564
637
1228
2019
2639
1559
2731
3719
2863
3193
3562
2511
1511
1883
2094
2284
2888
2132
2168
1942
2804
3207
4729
3139
2215
2496
3698
1963
3300
2618
2592
1467
2690
1333
1937
2333
2785
1828
3520
4632
2624
2683
3922
3061
2265
2128
3459
3141
2831
2053
2785
3781
4168
3759
7288
5433
3113
3194
3210
2512
2403
2111
1748
3258
3209
2128
1993
2632
3199
2724
2923
3025
2049
3049
2362
2563
1586
2159
1755
2006
2808
2081
1947
1299
2492
3200
2348
4975
2372
2541
3144
2562
3043
2979
2597
2071
3329
1656
2413
2155
2407
2072
2764
2435
2583
1415
2807
2166
1995
1722
1517
2235
2249
2540
1795
2227
2142
2079
3057
3072
2815
3030
2315
1315
2639
2090
1103
1755
3172
1982
1532
1716
3338
2235
2053
2219
2427
3343
2309
1288
1073
2050
1015
1895
3055
2440
2077
820
2303
3325
2354
2968
3425
2972
2888
1974
3570
3158
2159
1686
4145
1814
2194
1318
2090
2160
2143
1202
1946
574
1540
998
1119
1188
861
1494
2063
2535
1231
1533
3239
1883
2337
2715
2280
2890
1840
1141
1298
1725
754
1259
1681
989
961
1808
2107
2049
2019
2375
2095
3553
1989
1916
1259
2686
1301
1885
3941
2417
1783
1116
1787
3696
2300
2516
2098
1987
1908
1631
2408
2998
1511
974
2082
965
1248
1267
2178
2174
1774
1140
1498
954
1374
1063
1113
1188
765
1214
1422
1714
873
1203
2645
1711
1965
4245
2786
2395
3244
1920
2558
1977
1803
1953
2375
1144
1793
2401
3248
2394
3608
2652
2677
3176
2321
1926
1525
2629
1367
2263
3158
1918
1751
1010
2151
2959
2201
4787
3270
2419
4482
2181
3278
3190
2425
2543
3814
1759
2801
2348
2684
2200
3358
2735
2372
1377
2527
2313
1825
1722
1804
2992
2624
2145
2142
2794
3950
2856
4441
3513
2322
2577
2663
2718
2114
2605
1922
2456
2882
2618
1879
2167
2513
2580
2173
1550
1227
1730
1310
2670
1553
2934
1922
1748
2228
1675
1298
1104
1366
1913
1644
3038
2276
1925
2579
3620
2945
3249
2596
2578
3084
1813
2312
1678
1570
1664
2165
1673
1553
1319
1873
3593
2536
3190
2192
2204
1497
2367
1391
2212
2323
2543
2619
3161
3282
3088
2930
1899
4393
2726
2003
3550
6043
2625
3653
2195
4451
2797
3700
1856
2192
2878
2358
1665
1456
2379
1353
2174
3644
2951
2211
729
2291
3210
2330
3183
4054
3699
3431
3418
7179
5918
3342
3379
4771
3542
3351
2057
4096
2958
3480
1235
1810
695
1501
1745
2363
2998
1782
3001
4147
3001
2281
1604
4126
3376
3642
2125
2556
2966
1768
2020
2423
3110
1275
1531
2989
2100
1152
1941
3405
2936
1703
2022
2650
4017
2378
3369
2786
5490
2324
2646
4751
3376
2069
1318
3367
4798
2790
2020
1844
1706
2158
2829
3886
5918
2222
1385
3236
1470
1841
1698
2408
2759
1819
1222
1271
1114
1162
2112
1826
3158
1338
1667
1935
1827
981
1266
2754
2174
1881
2758
1779
1398
1901
1682
1837
1490
1579
1071
885
752
954
1716
2739
1594
2392
3164
2003
2163
2510
2143
1490
1748
1810
2813
3006
2255
1952
1446
1895
2288
2600
4092
3744
2060
4214
2780
3369
3249
3548
3377
5370
2217
3388
2324
2681
1843
3281
2216
1822
1043
2425
3476
2600
2979
3253
3132
3074
2411
2493
2988
3856
3168
4240
3381
2472
2287
2630
2351
1708
2249
1874
2819
2483
1883
1995
2003
1776
2203
1929
1968
1367
1845
1721
1134
805
947
1204
1702
2008
2223
1423
846
996
1595
1595
2543
1518
1492
1874
1704
1731
1748
1603
1749
1676
1157
1646
1179
983
1140
1789
2551
1829
1380
2608
2175
985
2629
1198
2449
2292
2140
1652
1944
2099
2102
2870
3237
3594
4134
3373
2012
3346
3203
1939
2701
4329
2830
2067
2061
4236
3065
3113
2201
2722
4080
2562
1546
1637
2801
1382
2412
3997
3234
1905
722
2642
3852
2851
3880
4493
3635
4189
3586
3519
5490
3924
2736
7089
2998
3527
2217
3830
3325
3421
1483
1991
639
1950
1923
2107
2686
1598
2620
3040
3262
1823
1538
3754
2809
3340
2301
1872
2105
1823
1110
961
1526
902
1321
1449
1462
1055
1422
1595
2017
1746
2406
1609
2736
2054
1837
856
2801
1638
2607
2989
3137
2246
1077
1396
2525
2322
1710
1078
1286
1724
1445
1462
2379
1665
886
1533
449
868
932
1335
1629
1467
1532
1176
1150
1516
1897
1132
2050
1293
1782
1734
1739
1384
1556
1966
1885
2103
3432
2113
1913
2667
1767
1337
1547
1768
1632
1822
1088
1465
1547
2633
1582
3092
2603
2053
3392
2596
1237
971
947
1010
2438
2864
2329
1836
812
1236
2225
2179
3308
2727
2139
3856
1936
2768
2934
2439
2089
3775
1437
2932
2015
2168
2042
2670
2289
1548
937
2274
2113
1646
2159
1971
2336
2532
1922
2219
1947
2801
1928
3514
2977
1978
2455
2467
1638
1733
1598
1535
1314
1815
1222
1252
2332
2302
1968
2164
1662
1238
1799
1533
1592
965
1547
1138
766
1048
749
769
935
1646
1873
1934
1577
1190
1256
1595
1172
1684
1490
1333
732
1252
669
1208
1513
1455
1104
1648
1850
1216
1046
1708
1955
1649
1977
1724
1553
1680
1472
1399
1634
2804
2462
2997
2956
2728
2331
2972
1302
3082
2281
1684
2218
3945
2876
1961
2557
3796
2200
2842
1500
1981
2832
2349
1426
1130
1526
822
1326
2348
2289
1392
611
2282
2736
1910
2700
2822
2930
3156
1601
4113
3110
2098
1226
3599
1713
1999
1741
3293
2198
2364
1662
1605
778
1673
1101
1638
1725
1227
1874
2872
2467
1758
1340
3195
2391
3515
2682
2285
3392
2060
1528
2162
2281
1146
1116
1940
1436
1190
1973
2339
3484
2249
1400
811
2279
1419
1930
1372
3203
1144
1176
2650
1894
1227
983
1891
3331
1936
1945
1684
1808
2007
1925
2146
2726
1784
1219
1804
1077
1226
1557
2251
3016
2024
1301
1233
1348
1497
1274
1460
2090
1128
984
1085
1289
863
1329
2236
2124
2023
3896
2402
1749
3158
1718
2288
1598
1851
1585
1919
928
1176
2413
3292
1837
3197
3527
2222
3181
3218
2577
1495
2249
1797
2203
2633
2034
1972
1457
2782
3216
3624
3246
2606
2309
4108
2029
2962
2605
2654
1802
2764
1312
2504
2568
2494
1738
3566
3535
2282
1795
3253
2897
2340
2111
2996
3177
2692
2124
2893
3557
4360
3560
5440
7633
4168
3703
5387
2635
2529
1795
2360
4911
3615
2683
3027
3867
4737
2433
4750
3125
1602
1505
2308
1720
1331
937
1219
1559
1588
1243
1218
1563
2168
1807
3208
3305
1313
1175
1784
1451
1248
1043
1254
1459
1333
693
1074
1615
1740
1003
2492
4490
2537
2102
3157
2021
2283
1377
1960
3022
2785
2067
2552
2097
4011
3002
5029
3454
3032
2408
2292
1413
2491
1348
1330
2076
2454
1546
1598
1815
3150
1430
2819
1984
1521
1796
1814
1402
843
1150
832
1207
2048
1400
1352
1065
1764
2146
2011
1578
1882
1365
1409
1051
1861
1114
1164
836
1895
801
1202
841
1326
985
1567
2590
2246
932
2068
1177
1358
954
1217
1924
2251
2145
1671
1457
3142
1873
3713
2664
1101
1640
1585
1017
804
778
651
1468
1149
899
873
1850
710
1259
1716
2046
1143
1044
1491
1320
707
639
666
971
1018
734
940
1348
1313
1319
2220
1045
470
837
903
703
429
695
590
576
555
424
672
1095
725
914
1204
1961
857
932
1417
834
707
574
695
1323
1137
933
1103
1249
1494
1499
2330
4711
2435
1896
3108
1748
1689
1046
1612
2117
1898
1144
1546
3111
3481
1929
3729
4654
1979
2675
2917
2098
1231
1380
1336
2018
2115
1383
1750
2227
2189
2588
3227
2911
2353
1672
2307
1587
1581
1319
1396
1653
1783
1144
1420
1432
1566
1224
2136
4825
2683
2102
3260
2562
1854
1415
2203
3370
2615
1922
2354
3132
4026
2896
6280
4352
2496
2764
3394
3210
2328
2309
2236
2875
2890
2496
2012
3171
3145
2711
3104
1464
1056
1150
1105
2384
1348
2139
1932
1385
1900
1398
999
1208
1200
1476
1633
1996
1279
1084
1682
2401
2107
2060
1897
1636
1938
1355
1494
1387
1067
1335
1759
2511
1727
1672
2521
4087
1957
2419
2512
1892
1967
1597
1491
2626
2127
2503
3540
2469
2067
1688
2263
1474
2873
1808
1582
2486
3618
1891
2358
2007
3142
1811
3203
1420
1439
1249
1569
1346
1096
1286
1003
1013
1669
1569
1036
725
1325
1434
1612
1382
1390
1045
1330
1574
2456
1706
1736
1203
2654
1781
1752
937
1638
1144
1804
2077
1347
837
1757
1891
2057
1987
1863
2446
3006
2034
2570
2494
2895
2445
5153
1965
2312
2378
1713
1923
2526
2930
1319
753
1363
1018
702
2228
2633
3093
1737
1635
1150
1392
1333
2577
2134
3635
1800
1442
2871
2340
1120
1175
1895
2399
2020
1134
1167
1045
1004
2205
2725
3699
1651
821
1720
1074
838
1241
1706
2101
1335
1724
1347
1365
1393
2119
1782
2972
1623
1439
1565
1343
1084
1536
2203
2287
2413
3217
1732
1379
2534
1912
1642
1256
1785
851
1407
900
1231
2401
2506
1411
2770
1989
1079
1102
1660
2060
1265
1492
1911
1303
1425
958
1204
1674
1542
1723
2295
2255
1725
1084
2197
2136
2364
1925
2435
1981
2249
1002
1882
1916
1571
1329
2262
2462
1598
1175
2299
3480
2761
2541
3409
2789
2684
1968
2424
3858
4372
3324
6130
6008
3744
4003
5237
3665
2964
3181
2820
4073
3691
3193
2380
3897
3345
3271
4133
2914
1688
2019
2724
3587
1696
3392
2139
2824
2917
3150
2109
1343
1484
2351
2545
2215
1088
1102
1729
2584
1945
2163
1921
1553
1460
1174
1380
1399
1197
1457
2108
4957
3146
2675
3970
2388
2152
3176
1749
5206
4244
3809
3318
3097
3358
3883
5769
3871
3314
2519
3832
2001
3245
2279
1941
1872
3006
2698
1428
2653
4336
2575
3605
2215
2516
3146
3083
1746
1720
2736
1629
2481
3690
3219
2538
993
1869
2704
2264
1904
1884
1392
2342
2780
4057
4017
2673
1831
3434
2017
2203
1500
2518
2291
2249
2967
2100
1044
2228
3250
2970
3553
2703
5197
6060
5221
3902
2195
4367
3693
5129
3882
3027
3866
3194
2421
1665
2832
1460
3045
2995
2366
1947
3360
2374
3740
3662
3511
2455
3146
2959
2238
2054
4080
2222
4054
4588
4084
3145
1786
2464
4602
3155
1685
1271
1249
1574
1808
1825
2878
1824
1343
1587
932
1205
1464
1426
1935
1896
3372
2275
1796
3071
3372
1599
3343
2122
3314
3348
3845
2780
2580
3299
3407
3680
3354
2484
1832
3479
1673
2144
1799
1905
2025
2225
1433
1991
2622
3140
1871
3487
2141
1764
2019
2811
2298
1260
1845
1308
2156
2415
2032
1838
1252
1523
2194
2369
1975
1421
1150
2218
1684
2003
1730
1989
1524
1806
1262
1505
1736
1527
1327
2112
3744
2512
1505
2889
3435
3238
3049
3189
3649
3941
2407
3392
2803
4691
3537
6168
5514
2554
3499
4262
2864
1920
1749
2665
1461
1268
1016
1459
3520
2577
2949
4225
2920
1387
1832
1886
2679
1396
1913
2442
1641
1446
1285
1231
2041
1342
1931
2504
2502
1113
1379
2090
2116
1370
1398
2262
1084
754
722
1324
1565
1087
1139
2077
3888
2185
1896
3781
3947
2458
2395
3479
2725
1932
1744
1739
3761
2529
2916
4865
5762
4828
4124
6110
2064
4224
3392
3030
2310
4664
3362
3003
4149
7148
3254
5473
2882
2569
3866
3806
2319
1599
2105
1787
1402
2921
2731
2127
1236
3144
3465
3279
2169
3008
2378
3183
1778
4140
2966
2712
1710
3734
1797
2561
2124
3366
2301
3156
4548
2989
1640
3650
2376
3549
2890
3607
3597
4904
4109
3639
3023
9059
5265
9997
4738
3494
4124
4204
1667
2828
2331
1771
2202
3427
2390
2254
4975
2808
5090
4861
3173
1681
2519
2867
3467
2440
4134
2150
1946
3123
2642
2125
2167
3315
4017
4037
2942
1536
1688
2331
2379
2502
3088
2370
1589
1890
1267
1531
2188
2454
2611
2872
3785
2235
2408
3235
2504
2486
3030
2594
2152
2398
1997
2091
2583
4657
4730
5990
8222
4966
3499
7013
2854
3945
2455
3381
3904
4237
2424
3672
5494
6519
2870
7322
5193
3186
4003
5227
3883
2284
2287
2502
2399
2976
2552
2661
3549
3965
4095
7493
5247
3176
2764
5855
2927
3637
2577
3685
2279
3017
1577
3272
3707
3624
2379
5544
8462
4343
3703
6954
4812
4310
3194
6537
5470
5563
3265
5782
7832
10610
7010
12554
10670
6391
10610
8821
5556
3441
4360
3887
6112
4425
4168
4149
7765
5128
6782
5878
5912
2530
4691
3609
3467
1801
2801
2262
2861
2695
2536
2252
3078
2355
3610
3582
7121
3156
4372
4421
4331
3199
3856
3663
3392
2567
1907
3047
3715
2184
3404
3920
6564
3956
4026
5909
6338
2999
3950
3708
5369
3466
4860
3236
6461
4013
5574
5648
5545
4066
4657
3919
2066
2755
2236
1744
3065
3792
3517
2538
2624
3528
2990
3093
2886
2236
3299
2879
1519
1241
1966
1304
1626
2336
1995
1932
1726
1849
2783
2474
2990
2350
2203
2528
2586
3375
2754
2448
1802
3001
2066
2164
2144
2619
2842
2316
2471
1981
1494
2291
2644
2076
2645
2019
3008
2993
4125
2215
3059
3450
3683
3160
9915
5234
9059
5851
2631
2450
3195
2023
3245
3051
2927
2968
5246
2397
6873
4822
4536
2625
4367
3339
3154
2558
3754
2498
2730
3562
3471
2548
3747
2982
5365
3170
3442
1949
2895
2769
2726
2628
4126
2615
1764
2270
1736
1620
3232
2598
4065
3050
3888
2414
3142
3488
2939
2069
3239
2093
2985
2131
3021
2036
4592
3450
4567
4228
5926
3016
2529
4451
3902
2990
2804
3094
2362
2252
1408
2011
4835
4624
4310
5190
4330
2216
3358
3079
2654
1558
2099
1898
1993
2150
1630
1891
2192
1950
2618
2957
4498
2595
2127
3645
2412
2875
2323
2676
3279
3532
2499
3681
2569
2252
1897
3469
6469
3025
4011
4282
3169
1779
2142
2271
4183
3067
2641
3075
6032
4013
4722
5554
4828
2615
3624
3007
3030
2139
2494
2093
2739
2938
2785
2152
2851
2594
2885
2640
1975
1143
1527
1244
2305
1453
2168
1848
1554
1690
1527
1181
1292
1006
1433
1473
2614
1627
1571
2032
2875
2028
2681
2212
1782
2054
1341
1768
1789
1199
1724
1928
2232
1715
1566
2065
3727
1819
2684
2240
2388
2012
2350
1465
2684
2252
2777
2947
2564
2257
2454
2148
1599
2332
2251
1612
2441
3357
2411
2227
1456
2831
2208
2553
1300
1116
1426
1181
984
597
1335
621
1507
1898
1862
1105
922
945
1646
1017
1737
1853
1706
1681
2022
2752
2408
1873
1613
2870
1693
1206
1320
2160
2032
1801
1212
1166
725
1203
1433
1555
2178
1282
2712
2829
2313
1847
1330
2598
2829
2304
3151
2655
3366
2345
2489
2117
3293
1691
2060
2721
2181
1534
2523
2690
3652
2457
2135
1421
2518
1657
2682
2154
3830
1863
2028
2860
2529
1017
1493
1897
3387
2177
2501
1583
1638
2024
3691
2632
4096
2220
1537
2261
1484
1341
2368
2160
2933
2251
1657
1403
1326
1505
1638
1277
2090
985
1850
1915
2077
1313
1751
2619
2602
2379
2098
1111
1087
1515
1924
1475
1455
1507
825
916
520
546
1682
1958
1840
2089
1789
862
1197
1270
1256
781
983
1145
1132
1089
955
954
869
874
1135
1503
2553
1535
1067
2118
1681
1589
1570
2126
2401
2661
1431
2351
1337
1199
1188
1864
2630
1735
1740
2142
3081
2131
2407
2721
2326
2049
1645
1794
2885
2184
2851
3368
5668
2685
3965
4469
2780
1977
2782
2231
3838
2897
2804
2881
2957
1916
2895
2863
1905
1013
1523
1679
1267
748
1236
951
1433
1475
1622
1161
1019
709
1402
1377
2576
942
1542
1987
1771
1306
1895
1539
1494
1182
1130
1341
1368
874
1594
2139
3665
1960
2189
2985
1950
1093
2151
860
2942
2137
2585
2051
2887
1950
3340
3602
3783
2743
3315
3019
1523
1940
1891
1189
2996
3451
3621
2410
1677
2463
2267
2494
1976
1695
2464
2261
998
848
1396
787
1844
2236
2327
1907
987
1427
2264
2064
1990
1947
1895
2160
2680
3211
3367
1805
1707
2610
2081
1813
1574
1897
2427
2120
2053
1471
1313
1969
961
925
1787
891
3034
2897
3934
2079
2008
2982
3424
3148
3461
2202
3144
2755
1598
1058
2282
1544
1977
1875
2385
1560
2051
1238
2848
2686
1912
1203
1869
1693
1912
1159
2642
841
2214
2270
2595
1809
1272
1427
2424
1827
1679
736
1325
1547
1569
1009
2291
1472
1217
1170
1117
1035
1201
945
1813
1498
2367
975
1764
1873
1847
970
2303
1328
3023
1953
2584
2176
2088
1849
2598
2338
2632
1468
1342
2150
1883
1409
1646
989
1300
1199
947
1260
1959
1923
2130
2726
1751
927
1484
1417
1016
701
996
972
1059
1056
1091
960
899
709
1378
1379
2144
1105
1200
2296
1232
1299
1366
1450
1825
1826
1712
2139
1126
1006
1311
1693
3338
1725
2168
2698
2713
1868
2492
2311
2559
2081
2122
2139
3009
2355
3250
3908
8449
4107
6519
6579
3699
2872
3292
3254
3155
3348
2639
3137
4749
3967
4286
4991
3562
1821
3140
2756
2908
1712
2633
2399
1801
1894
2047
1563
2043
1923
2919
3153
3451
1616
2506
2891
2576
2279
2739
2585
1204
1551
975
1635
2343
1958
2436
3016
5028
2612
3481
3941
3817
2925
3248
2896
3780
2955
3196
2792
5161
4624
5719
6814
2594
2592
2808
2629
1313
2970
2339
1578
1629
3362
2612
1862
1582
3162
2279
2055
1530
1434
2374
1690
932
1100
1595
725
1264
2361
2077
1285
660
1238
2078
1283
1957
2632
2633
1788
1752
3840
3405
1964
1166
3299
1632
1482
1268
2690
2266
1911
1599
1191
710
1242
1182
1561
2107
1204
1589
2480
2584
1463
1042
2397
2194
2132
7873
4771
7148
5632
3227
3130
3796
2423
2506
2923
2696
2849
4939
3162
7614
5840
3796
2110
4336
1919
3149
2059
4236
2088
2367
3835
3180
2129
2576
2463
4770
3294
4439
2327
3142
3354
3599
2688
4451
3294
1855
2042
1792
1863
3307
2831
4363
3704
3294
2233
3150
3137
2749
2085
3338
2298
2269
2147
2844
2030
3604
3528
5083
4738
5531
3043
2577
4227
3253
2567
2302
3257
2417
1997
1400
1827
3854
3967
3764
5396
4209
1915
3345
3438
2365
1374
1776
1834
1945
1947
1551
1957
2308
1916
2986
3711
5224
2936
3145
4962
2874
3095
2513
3843
2549
2811
1972
3161
2553
2594
2236
4264
7315
3885
4737
5675
5576
3445
3199
4775
4533
3453
3023
3871
6960
5128
6005
7932
6550
3999
5563
4593
3481
2318
2692
2671
4009
3329
2831
2657
4095
3453
4051
3888
4661
2404
3941
3572
2898
1620
2532
2180
2710
2769
2540
2231
2343
2081
3632
3183
4483
2617
2684
3165
3101
2745
3074
3057
2450
3015
2024
2985
2718
2049
2487
3150
3731
3187
2615
3897
4294
2487
2624
2920
3693
3327
3670
2585
3761
3067
3636
4336
2846
2037
2398
1921
1206
1725
1085
1005
1757
2120
2146
1384
1350
2147
1513
1776
2887
2817
3348
2664
1599
1111
1734
1265
2140
2887
2789
2261
1638
1953
2977
2623
2045
1951
1565
2062
1645
2428
1935
1847
1328
2557
1318
1787
1233
1915
974
2057
1676
1490
1137
1766
1491
1081
1422
1353
2167
1858
2436
1486
1583
2131
2141
2382
4980
3573
4904
2871
2305
2297
2872
1694
2376
2704
2115
1666
3611
2480
3922
3109
4140
3238
6060
3442
3098
1958
3040
2298
2631
4317
3340
2658
2033
2897
3101
3627
3803
2376
3006
2848
2607
3101
4147
2356
1689
2560
1768
2033
2929
2829
3305
2926
2647
2092
2251
2415
2021
1427
2063
1455
2201
1858
2062
1421
2639
2993
3229
2984
3072
1703
1932
2607
1802
1769
1680
1651
1557
1697
1189
1440
2393
2955
2001
3235
4877
3261
4244
4206
2805
1937
2292
2135
3006
3051
2542
2475
2340
2137
3147
3854
2936
2301
1967
2655
1273
1632
1497
1521
2689
2867
2192
2419
1566
2012
1378
2346
4540
2715
2785
3362
3298
2165
2249
2574
3633
3327
2267
2539
3531
3466
3693
5117
3518
2480
3017
2630
2988
2538
2764
2092
2607
3027
2690
2015
2668
2811
2683
2525
2068
1784
1806
1929
3739
2026
3775
2703
1782
2822
2398
1578
1295
1826
2316
2307
4009
2437
2249
2951
4919
3965
5370
3385
2197
2782
1858
2234
2519
2661
3103
3906
2404
1917
1783
2748
4499
2604
3814
3115
2760
2867
1807
2385
3126
3532
3924
4632
1694
1548
1890
1590
1365
1746
1804
1411
1657
2856
2559
1263
1345
2042
2107
1965
1327
1486
1587
1492
1301
616
1533
1153
1408
2174
1968
1398
711
1170
1691
1528
1912
1921
1720
1789
2191
3139
3236
2105
1984
3246
1471
2169
1317
2261
1961
1819
841
885
555
784
1430
1566
2082
1262
2342
2560
2387
1678
1112
2270
2475
1990
2822
3074
3734
1848
2802
3094
3599
1744
2100
3653
2998
1529
2244
3299
3905
2342
2604
2443
3434
2584
4442
3644
7089
3341
3548
5769
2835
2703
1873
2610
4449
2914
3407
2379
2654
2903
2733
3358
4771
1738
2418
3246
2489
2543
2378
2870
4106
2203
1727
1600
1895
1835
3374
2822
4145
2297
2281
2557
2819
1727
2310
3001
3523
3028
1642
994
754
1199
1506
1211
1252
930
672
803
380
562
1335
1551
1413
1512
2167
1493
1460
1770
1959
1296
1676
2032
2173
2246
2312
1817
1373
1182
1877
2235
3359
2565
1938
3352
2916
2746
3084
3466
2410
2782
1897
2368
1942
2054
1880
3350
1956
1532
1333
1946
3371
2296
3329
3099
2978
3015
2459
2604
2925
2567
3148
4532
3477
2249
2976
2710
2598
2299
2633
2269
3150
3035
2888
2523
2338
1947
2698
2078
2544
1759
2415
2369
2453
1413
2864
2186
3090
2655
3093
2084
1315
1056
2160
2134
2370
1380
1425
1892
2636
2129
3006
2323
2238
2246
1501
1998
1289
1089
1481
1921
3069
2353
2115
2848
3204
2281
3158
2316
3875
3051
3387
2787
2446
2150
3055
3524
2706
2767
3123
2492
1534
3013
2650
1632
2958
4561
3819
2189
1848
3835
2558
2354
2624
2801
4588
2825
2100
1616
2989
1744
3492
5438
4573
3016
1056
2270
3620
2932
2723
2932
2871
3094
2961
4187
4751
3051
2380
5769
3011
3019
1622
2860
2533
2385
1690
1686
1018
2059
2684
2218
3941
2221
3980
4317
5209
2815
1934
3562
3685
3405
2890
2391
2921
2040
1752
1349
2348
1229
2001
2044
1953
1474
2257
2361
2715
2365
3887
2779
3690
3216
3138
2436
3997
3000
4854
5438
5915
3650
1708
2236
3278
3059
2172
1284
1669
1806
2371
2596
3644
2059
1621
2174
1139
1413
1646
1898
2318
2176
2542
1726
2048
2217
2973
1253
3055
1775
3294
2887
3210
2415
2116
2336
2968
2750
2355
1665
1446
2068
1500
1487
1048
1393
1365
1461
1007
1357
1535
1894
1743
2478
2535
2125
2917
2483
2178
1257
2008
1923
3065
2655
2596
2545
1288
1475
2243
2355
2925
2238
1900
2886
1443
2139
2228
2045
2210
2822
1703
2383
1347
1690
1242
2025
2752
2010
1588
2746
2993
2377
2808
2985
3158
2769
2416
2451
2895
2695
2959
4155
5084
2529
4237
3657
2279
1592
1919
2197
2396
1424
1564
1762
3128
1997
3142
3247
2643
1811
2225
2105
1799
1242
1822
1706
1410
1461
1409
1398
1986
1199
2505
2417
2007
1082
1407
1440
1015
689
885
1181
932
803
744
1089
1399
916
1532
1799
2853
1607
1898
2738
3329
1713
2375
2762
2423
1697
2017
1662
3336
2252
3148
3933
3501
3022
3427
3230
1300
2416
1940
1389
1829
2428
2592
1765
2241
2923
2315
2726
1745
2012
2995
2273
1535
1193
1449
1101
1238
2044
2280
1223
1142
1875
2847
2570
2360
2952
1363
2680
1629
3423
2989
2052
1122
3653
1593
1798
1595
2721
1881
2288
1814
1812
1149
2099
1390
1716
1681
1724
1959
2704
2282
1679
1689
3051
2907
4098
6008
4296
4664
4083
2947
3682
3945
2275
2110
2428
2158
1769
4327
3362
6007
4730
3315
2757
3006
3231
2887
2219
4329
1983
2092
4561
3475
2282
2242
3451
6404
3647
4251
2735
3618
3842
4042
4084
6043
3470
1731
2856
1912
2115
3263
3357
4332
3836
2849
2352
2454
2966
2558
2001
3172
2066
1723
2120
1988
1568
2886
3792
4111
4560
3360
2236
1268
2891
1885
2204
1815
1705
1530
1424
914
1128
2901
3348
2574
3333
4587
3292
3691
4775
2912
1984
2483
2629
2441
3035
2942
2763
2962
2897
4625
6384
3974
2127
2890
4753
2404
3385
2882
3305
2264
3027
2085
2941
2921
2938
2511
4754
5494
3063
3615
4868
4031
3107
3209
4702
4020
3329
2833
3446
5007
4425
5110
8907
5756
3520
4310
4437
2927
2423
2340
2119
3364
3107
2265
2220
4050
3445
3713
3360
3768
1859
3238
2323
1777
1219
1646
1281
1931
2377
2057
1754
1697
1868
2941
2457
5179
2220
2761
3176
2400
2615
2600
2393
1797
2296
1459
2447
2373
2131
2465
2922
3553
2679
1854
3540
2289
1626
1825
1609
2940
2165
3124
2147
3390
1779
3006
3573
2717
2211
2486
2051
1073
1597
1460
874
1659
2001
1785
1266
1238
2085
1815
1764
1007
1109
1599
1162
522
557
1132
425
836
1253
1232
844
573
970
1632
1016
2072
1851
1782
1932
1486
2511
1826
1543
1483
2822
1361
1712
1299
1277
1854
1650
1137
1283
707
1392
921
981
1113
670
1560
1427
2083
914
1536
2069
1904
1784
4568
2820
3549
2467
1604
1204
1638
1093
1825
1716
1537
1649
2956
1561
2831
2591
2662
1247
2970
1741
1586
1033
2107
1276
1598
2218
1923
1453
1689
925
2929
2168
3122
1654
2057
2064
1584
1560
2363
1456
1345
1566
1266
1091
1958
1555
2928
2026
1912
1264
1358
1698
1177
981
1119
889
1762
1081
1801
1241
2142
2076
2307
2388
4335
2440
2458
2955
1811
1718
1649
1454
1842
1713
1051
1438
3012
2925
3178
4133
2115
1722
2152
1946
816
673
985
615
1651
2281
1804
1711
1052
1093
1744
1266
3762
2206
1957
3256
2082
2526
2536
2026
2215
2604
1633
2445
1693
1819
1824
2766
3677
2584
2283
3570
2461
1626
1995
2127
3097
2487
2146
2398
4187
2999
3583
4537
4493
2558
3637
2886
3042
2734
2962
2176
3159
3385
3300
2347
2762
3095
3502
2835
2166
1297
2003
1709
2308
1392
2768
1534
1911
2139
2121
1478
1265
1299
2324
1670
3276
2217
2364
2597
3425
2534
3369
2090
2135
2746
1934
2367
1780
1589
1982
2147
2183
1820
1581
2176
3692
2526
3278
2037
2719
1632
2882
1785
2828
2875
3126
3232
1837
2029
2502
1548
1431
2489
2146
1161
2217
4084
2349
1944
1281
2688
2382
1982
970
1074
1825
982
894
908
1462
762
1309
2596
1934
1293
475
1009
1653
1119
2299
2641
2725
2160
2520
3901
3886
2264
2061
3358
2522
2211
1213
2632
2422
1732
528
941
429
777
1449
1560
2408
1136
2466
3101
2393
2041
1025
2628
2623
2067
3386
3389
4140
2420
2815
3149
4113
1884
2176
3423
2832
1721
3082
3840
4730
2857
3006
2348
4057
2633
1838
1481
3519
1224
2765
4187
4531
2484
1732
3211
5496
3172
2890
2022
2456
2482
4578
3901
7179
2859
1965
3139
2227
2051
2458
2752
4529
2757
2038
1787
1861
1977
2682
2511
3570
1766
2744
2428
2983
1743
2698
3375
3790
3519
2609
1527
1370
2016
1887
1616
1684
1493
941
689
710
992
1835
2279
2135
2370
2554
1410
1945
1892
1646
1231
1731
1394
1670
2129
1762
1601
1288
1306
2025
1897
3498
2618
2107
3536
2427
2534
2945
2488
3025
3965
2194
2898
1861
2028
1662
2716
2222
1859
1248
2415
3360
2615
3043
2946
2783
2745
2305
2407
3233
3199
3268
4978
3447
1865
2284
2765
1794
1246
1495
1311
2325
1984
1511
1989
2080
1374
2135
1994
1493
815
1260
1036
817
353
971
568
1243
1257
1335
1069
759
701
1180
1145
2049
947
1265
1532
1347
1231
1490
1210
1340
1296
1155
1394
1073
781
1186
1496
2376
1279
1231
2431
1369
673
1525
785
2397
1937
2003
1759
2345
1558
2028
2801
2548
2104
2440
2184
952
1375
1372
854
1949
2219
2225
1442
1434
2059
1817
1916
1196
1289
2054
1407
461
418
856
369
1601
2436
1912
1417
429
1159
1786
1475
2327
2353
2134
2613
2003
1481
2786
2180
1751
3644
2034
2297
1415
2154
2107
2403
1382
1487
707
1710
946
1033
1259
791
2149
1958
2589
1642
1402
2558
2239
3168
2225
1257
1599
1623
811
619
1130
709
1293
1193
1171
1073
1603
1100
2019
1996
1848
777
1720
1352
1205
418
1637
766
1693
1616
1985
1560
1129
848
2000
1996
1191
606
1096
1224
1135
908
1456
1106
575
616
399
425
797
597
1176
860
1459
680
843
1268
1107
557
1073
800
1608
1111
1415
1272
1443
1241
1568
1576
2275
1400
1396
1679
1044
655
965
949
1098
1242
898
989
1263
1712
1470
2055
1984
1029
1696
1755
871
353
805
607
1416
1413
1233
1364
989
748
1413
1786
2195
1445
1348
2481
1209
1392
1553
1556
1648
2026
1153
1943
1419
1453
1317
1947
2443
1436
1331
2106
1711
1219
1586
1514
2008
1620
1646
1807
1920
1801
1976
2915
5150
2532
3945
4024
2123
1359
2288
2034
2131
2204
1955
2139
3184
2567
3442
2872
2197
1137
2144
1707
1083
655
1337
601
1176
1487
1366
1213
1344
1409
2475
2166
1997
1314
1642
1906
1586
1616
1837
1530
892
1211
799
1421
1532
1475
1691
1890
2636
1169
1689
2327
3037
1718
2558
2339
2115
1769
1969
1708
2880
2990
3711
4090
3163
2782
2828
3122
1273
1800
2162
1281
2340
3682
2768
2024
2014
3130
2667
2523
1014
1051
1665
1202
654
619
961
475
733
1349
1274
734
491
1058
1571
1018
2141
1930
2526
2790
1536
3149
2423
1808
1275
3094
1691
1690
1726
2117
2069
2030
1420
1432
804
1456
830
1204
1298
870
1717
2297
2476
1605
1390
2450
2740
2998
3853
2695
4224
2847
2199
1800
3082
1646
1670
2416
2024
1694
3347
2970
5086
3749
2239
947
3245
2121
1863
1375
3346
1418
1658
3013
2680
1726
2043
1940
4452
2626
2888
1849
2873
2458
2791
2489
4393
2569
1430
1746
1630
1441
2496
2332
4581
2960
2404
1726
2491
2314
2128
1597
2639
1411
1890
1725
2366
1651
2854
2755
3726
3160
3567
2281
1920
2841
1865
1359
1733
1854
1375
1592
1030
1210
2764
2872
2715
3442
3021
1597
2964
2726
1650
1246
1708
1319
2098
2299
1920
1746
1817
1977
2944
3020
3502
1850
2328
3528
1969
2734
2114
2413
2046
2538
1785
2468
2286
2139
2025
3409
3941
2184
2529
3526
2776
2423
2403
2729
3077
2318
2413
2389
4205
3441
3876
4837
6731
4051
4343
4257
3025
2184
2282
1956
4334
3063
2624
2614
4699
3885
3436
4039
3147
1720
2512
2372
2420
1436
1548
1407
1971
2010
1933
1541
2238
1725
2538
3013
2928
1554
1598
1654
2330
1859
1822
1598
1609
1532
1233
1382
2350
1735
1882
2809
4863
2675
2683
3550
3814
2584
2372
2611
3568
2715
2529
2648
3479
3025
3335
4540
3020
2302
2235
1837
1371
1726
1233
865
1940
2352
1925
1304
1500
2233
1600
2200
2117
1627
2275
1640
1079
680
1176
680
1496
1726
1729
1468
1167
975
1927
1738
1434
1549
1347
1194
1192
1787
1271
1178
1099
1600
1154
1136
1086
1403
1232
1532
1692
1215
857
1329
1839
1264
1498
1326
1991
2092
2191
1406
2000
2414
2371
2580
3630
1919
2989
1788
1503
1432
1605
855
1793
1812
1789
1201
3261
1191
3225
2286
2606
1407
2100
1685
1999
1487
1991
1203
1675
1686
1931
1296
2061
1471
2395
2144
1449
962
1347
854
1234
941
1810
914
836
885
861
744
1718
1166
2161
1631
2723
1215
2246
1745
1803
1283
1946
1329
1810
1490
1391
1114
2310
1981
2594
2683
4377
2275
2185
2678
1899
1169
1216
1190
2071
1607
1001
1416
2961
2612
2567
3557
4852
2029
3146
2402
2144
1279
1829
1382
2330
2353
1766
1809
2653
1960
2914
3427
2838
2147
1727
1991
1883
1820
1553
1646
2023
1917
1495
1728
1929
1715
1623
2346
4190
2675
2537
3181
4158
2679
2583
3370
4015
3187
2539
2917
5217
3956
4002
6385
4069
2494
3176
2897
3141
1850
2606
2136
2418
2127
2215
1837
3157
2936
3133
3242
1789
1163
1421
1327
2539
1445
2727
2015
1668
2238
1831
1380
1398
1105
2038
1958
2957
1806
1725
2358
3920
2618
3744
2567
2184
2565
1975
2455
1934
1535
2161
2379
3000
2147
2353
2812
4440
2206
3270
2660
2428
2301
2276
1971
3278
2595
3107
4120
1823
1676
1536
1666
1491
1849
1684
1288
1806
2735
2065
1772
1620
2327
1947
2417
1186
1039
1271
1253
830
606
1078
755
916
1284
1454
844
534
736
1218
994
1171
1264
1167
1115
1506
2022
1844
1303
1043
2379
1812
1527
904
1583
1197
1538
961
962
470
804
1446
1654
2098
1284
1869
2376
1890
1688
1108
1949
2281
1967
2289
2450
3008
1928
1671
1930
2822
1013
1848
2952
2525
1373
2519
2632
3777
2547
1707
1230
1884
1598
3006
2353
4493
2110
1532
2932
2880
1483
1335
1947
3001
2099
1469
1264
1390
1250
2670
2641
4054
1874
1322
1921
1438
1344
1515
1853
2826
1583
1797
1549
1882
1674
2480
1851
3425
1834
1803
1951
1930
1308
1942
2350
2730
2771
2628
1270
1113
1954
1580
1314
1190
1311
602
1082
672
895
1879
1616
1442
2122
1563
904
1088
1242
1584
947
1518
1490
1210
1380
1252
1076
1152
942
1362
1810
2273
1806
1279
2237
2121
2217
2276
2554
2183
2437
1546
2280
1744
1627
1483
2351
2092
1554
1313
1876
2825
2220
2372
2880
2603
2617
1900
2304
3848
3156
3291
4942
4232
2325
3186
3821
2403
1597
2222
2110
3582
3292
2863
2973
3010
1915
2726
3062
2083
1289
1764
2002
1915
1029
2053
1520
2008
2125
2558
1659
1175
927
1715
2223
1831
904
1079
1463
1951
1410
2003
1681
1491
1493
1237
1543
1371
862
1322
2136
3878
2029
1979
3393
2043
1722
2677
1758
4519
3261
3482
3518
2918
2216
3421
4763
2312
1696
1681
2050
734
947
811
630
2311
2757
2445
1953
1633
2110
1538
2327
1823
1680
2455
2340
1105
777
1609
1062
2277
2779
2861
2582
970
1203
1941
1919
1450
1230
1150
1688
1700
2348
2650
2130
1623
2443
1686
1887
1248
1421
1491
1718
2075
1407
1143
1941
1749
1247
2095
1451
3336
3238
3564
2507
1799
2625
2625
3364
3179
1996
2569
2354
1912
1051
1981
1368
2248
2012
1872
1605
2425
1434
2561
2926
2851
1680
2516
2076
1662
1289
2722
1554
2513
2801
3254
2453
1662
1695
2828
2597
1917
1039
1439
1563
1523
1074
2192
1537
1342
1486
1064
1243
1318
1116
1718
1664
2596
1627
1521
2310
2592
1109
2427
1666
3365
2817
3576
2524
2164
2236
2559
3425
2253
1587
1387
2324
1208
1137
1238
1612
1731
1811
1362
1678
1938
1821
1788
3217
1824
1289
1688
2242
1615
815
1367
1207
1929
1759
1753
1707
1105
1013
1576
1931
1813
1163
1056
1726
1023
1297
1227
1474
1559
1784
1276
1799
1371
1143
1136
1683
3391
1720
1602
2681
2560
1859
2049
2335
3402
2404
2083
2746
2656
2530
2960
4217
6985
3473
4966
5535
2864
2281
2402
2825
2605
2236
1742
2616
4304
3043
4179
4668
2936
1587
2484
2490
2252
1400
2113
2037
1651
1665
1518
1669
2072
1468
3007
3180
3115
1270
1732
2279
2398
1527
1779
2283
1293
994
1039
1452
1778
1111
1666
2389
4098
2275
2435
3922
4269
2440
2786
3622
2881
1703
2276
1950
4854
3016
4013
5744
4578
3313
3494
4104
1481
2695
2285
1872
2628
4296
3165
2542
2403
4771
3034
3888
2573
1996
3027
3242
1590
1257
1872
1127
1360
2391
2375
2056
1274
2202
3099
2751
1989
2450
2312
2783
1698
3389
2556
2157
1373
3074
1970
1975
1662
2655
2169
2518
2778
1919
1101
2657
2103
2820
2280
2567
2811
3573
3543
2577
2539
5234
3824
5893
5237
3313
4828
4496
2057
2782
2728
2165
2300
3022
2413
2348
5194
2592
6033
5137
2933
1696
3314
2910
3314
2104
3594
1902
1961
2767
2550
2081
2699
2743
4540
4191
2950
1676
2067
2515
2696
2029
3282
2375
1695
1548
1396
1662
2694
2257
3633
3269
3564
2302
3032
3580
2584
2211
2815
2146
2208
2037
2038
2046
4051
4066
5234
5838
5723
3473
2554
5371
2351
2532
1978
2587
2879
2529
1550
2361
4371
4107
3026
5334
4482
2325
3744
4485
3082
1865
2472
2390
2051
2249
2055
2418
3549
2685
4223
5971
4800
2494
2496
5259
2760
2558
2322
3520
2867
2480
1916
3218
3118
2615
2611
5335
7109
4051
4168
6304
5145
3520
3113
5467
4801
3999
3196
4699
7753
6391
6050
8903
16813
7753
7832
13059
7472
4205
3557
6398
8934
5007
3781
5739
8469
6960
4565
8661
6923
2656
2803
4298
4446
1920
1947
3867
3127
2895
1892
2951
2762
3009
2193
5036
10899
3848
3858
7647
5439
3233
2988
5380
4121
2925
1955
4861
4145
2885
2440
6151
8756
5217
3132
9046
7678
4187
2794
6949
5145
3531
4067
4418
7630
6032
4152
9759
6309
4051
2583
5040
2434
2854
1329
2777
2964
2886
2102
2699
3028
3604
1928
4780
3616
2164
2580
3238
2299
1443
1556
2018
1509
2116
1221
2203
1378
2088
1865
3128
3369
1942
1536
3248
2151
2698
1266
2981
2189
2310
1235
2582
1721
1751
1246
2782
3690
2310
1249
3697
3056
2142
1203
3528
3006
2639
2665
2859
3773
4592
2781
6655
6646
2539
3023
4494
2182
1390
1340
1925
2616
1689
1234
1997
2678
1042
2055
3610
3863
1799
2195
2905
2750
1402
1538
2052
2167
1934
1256
2147
1769
2008
2050
2681
2843
1108
2494
2320
1804
1025
1604
2335
1393
1112
1046
1366
1531
1330
1406
2505
3555
2000
1457
3644
2723
1536
1533
2456
2366
1583
1948
1907
3773
3059
2489
5382
10238
4854
3761
7735
3901
2880
1634
4167
3799
3336
1971
3764
5379
5161
2935
7317
5668
2918
3097
5069
4253
2345
1944
3572
2365
2446
1599
2601
2650
2887
2534
5436
6431
3278
2626
5452
3672
2828
2212
4690
3361
3126
1468
3501
3792
2684
2154
5383
6458
3479
2097
5918
5829
3390
2227
6341
4951
3761
2784
4511
7630
6461
4274
10786
7306
3118
3707
4585
4326
2286
2568
3301
3782
2921
2333
2627
3200
2553
2327
3610
2658
1371
1736
1985
3061
1419
2015
2442
1583
1347
1236
1214
1519
1126
1258
2125
4155
1744
1916
3189
3606
1861
2324
2829
2403
1942
1355
2378
2046
1337
1491
2889
2764
1929
1432
3110
4392
1693
2348
3382
2163
1566
2036
1485
3792
2569
2845
4625
3964
2694
2188
3462
1687
2496
1557
2314
2727
3263
1754
2770
2094
3307
1560
3811
1838
1318
1464
2142
1330
797
932
1191
1090
1646
1305
1332
733
1201
1199
1575
2520
1515
1241
2233
2136
2458
1698
2242
2165
2378
1455
1318
1422
2368
1461
2796
2783
1718
1095
2284
1718
1958
1267
2036
2492
2929
1747
2344
1531
3232
2416
4790
2601
1662
2124
1851
1993
1726
1741
1442
1553
1595
1382
1299
1944
1268
1964
2335
2139
1248
1500
1451
2364
1415
2217
1667
1082
1622
1346
719
1300
1574
1866
2292
1834
904
937
1696
1995
1213
2057
1792
1071
1317
1004
1104
1422
1320
1705
1949
1511
1086
841
1282
1782
1299
1318
1493
1437
1233
1295
1100
1721
2144
1996
2808
4466
1778
1565
3213
2566
1532
1513
2317
1690
1399
841
1238
2604
2343
1592
3379
2932
1371
1399
2984
2143
1073
1179
1837
1268
1289
976
1433
1525
1368
1375
2814
3408
1934
1387
3497
2541
1780
1678
3406
2652
2519
1213
3103
2046
1789
1424
3219
3238
2350
1615
3451
3793
2373
2155
4609
3062
2718
1955
3117
4145
3715
3424
6941
7752
3549
3549
5265
2808
1817
1457
2374
4994
2962
1942
2929
2742
2308
1712
3832
2865
1105
1252
2079
1784
989
812
1527
1968
1288
1153
1309
834
899
791
2018
3656
1152
1674
3031
2212
1288
1446
1928
2062
1373
1105
1962
1525
869
985
2665
5633
2653
2227
4647
1732
1052
1010
949
4260
2340
2540
2652
2650
2192
2151
5376
4329
2699
2167
4007
1547
2043
983
1993
2509
2242
1313
2275
1871
2576
1170
3736
2455
1662
1786
3312
1720
1129
1077
1360
1573
1708
1078
1704
598
1272
1277
2441
2336
1335
1175
2672
1660
1732
1318
1742
1382
1873
945
1805
1300
1493
1106
2653
3437
2061
1348
2749
1950
1689
1116
2050
2933
2033
2057
2751
1769
3747
2700
5422
2255
1274
1236
2239
1151
491
611
944
1863
1142
1660
1354
1410
660
702
2394
1794
970
993
1791
947
429
722
577
1466
1056
1193
1525
598
987
740
1926
1393
534
725
1377
874
475
729
986
781
711
580
941
733
922
686
1523
3074
1167
1065
2574
1427
573
820
1486
1886
1638
1768
2249
1378
1726
1503
3207
4212
2072
2041
3822
1519
1344
935
1295
2452
1986
1213
2186
2057
2043
1205
3656
2319
1175
1343
2640
1524
759
846
1389
1353
1315
1022
1572
834
1019
1092
2348
2769
1398
1208
3024
1603
1265
1104
2097
1450
1295
775
1972
1519
1292
945
2464
3693
2238
1563
3452
2354
1697
1299
2887
3252
2343
2036
3102
2762
3078
2485
6081
10472
4371
5494
8038
3871
2764
2413
3682
3260
2901
2019
3570
5415
3854
3204
5761
4138
1938
2622
3047
2776
1263
1547
2235
1601
1535
1307
1378
2057
1959
1680
3698
4655
1879
2401
4054
2505
1835
1716
3039
1421
1335
937
1970
2604
1682
1704
3462
6724
2961
3111
5800
4764
3012
2401
4885
3868
2393
2565
3092
5379
4835
4225
9130
8771
5194
4975
7457
2529
3347
1973
3430
3755
4327
3110
3556
3303
4939
2174
5174
3700
2425
3360
3970
2356
1603
1422
1934
1576
2257
2235
2301
1410
2051
2342
3170
3871
2519
2228
3193
2153
3082
1941
3209
1635
2244
1247
2502
1944
2523
1973
3581
5276
3261
1850
4773
2417
2956
1808
3618
3857
3611
2943
3592
2678
5246
3798
8415
6286
2403
4149
4611
3345
2014
2557
2396
1868
2241
1776
2546
3303
1582
3667
4075
3507
1633
2653
1693
2352
1434
2061
1913
1435
1848
1469
1666
1871
1677
2331
3142
3807
1620
2007
3318
2686
1281
2195
2690
1719
1345
1391
1658
2094
1456
2249
2833
2745
1500
1815
3175
2390
1238
1716
2233
1599
1350
1790
2040
3028
2624
3002
4417
10016
4304
3520
7737
4167
3184
2332
4087
4201
3128
1834
3123
5415
4749
3345
7688
6646
3010
3897
5932
3872
2080
2003
3671
2445
2338
1727
2730
2742
2957
2803
6855
6938
3157
3171
7202
3801
2762
2167
4701
2943
2668
1926
3712
3200
2851
2544
6210
8941
4699
3867
8642
6091
4050
2632
7682
5404
4095
3328
4886
8469
7765
6667
15805
9290
4801
5470
7592
4857
3077
3177
3935
5735
4020
3141
4146
5404
4533
4460
6227
7042
3402
3649
4810
3757
2008
2336
3108
3600
3158
2640
2872
3252
2559
3493
4964
6307
2603
2789
4281
4103
2783
3132
3726
3194
2978
1877
3499
3062
2326
2368
4136
6534
4015
3370
6548
5799
3097
2992
4379
4836
3633
3519
4113
4951
4183
4288
7292
3131
2208
2152
2451
1435
1890
984
1450
1913
1723
1562
1566
1599
2269
1206
2470
3714
3365
3314
3599
2058
1608
1782
2020
3140
3294
2807
2789
1886
3023
2644
4259
2752
1803
1439
2624
2600
2744
1667
2938
1819
2281
1308
2109
1437
1850
1020
2869
2780
1810
1323
2485
2204
1762
1214
1567
2837
2201
2204
2229
2366
2985
2331
3848
5339
2811
3597
3136
2214
1717
1874
1790
2232
1959
1561
1509
3857
1589
2943
3403
5920
3336
5197
4580
4266
2149
2620
2725
3677
3980
2842
3611
2933
3034
2704
5218
3824
1869
2446
3326
2863
2466
3001
2885
2176
2342
1338
2528
2492
2712
2719
3092
3516
1991
1924
2795
2633
1560
1494
1587
2837
2167
2064
1864
3006
3008
3217
3803
4990
2881
2725
4823
2637
2115
1553
2399
2575
2423
1658
2587
3868
3780
2180
5627
9408
4519
5206
7203
3835
2397
2449
2500
4371
3875
2893
3819
4260
2942
4116
6737
3967
2428
1892
3587
2251
2719
2204
2687
2665
2760
1823
2616
2163
2388
1580
3407
6189
3568
3022
5008
4134
2940
2235
3556
4836
3693
2306
3473
5145
5369
4589
8792
4133
2867
2279
3638
2733
2046
1802
2627
2544
2264
1467
2223
2943
2549
1843
3555
2516
1559
1524
2381
3574
1648
2089
2757
1904
2210
1569
1761
1450
1825
1713
3009
4470
2183
1981
3464
4274
3025
3377
3770
2000
2410
1364
2330
2652
2401
1998
4137
3546
2023
1653
3529
4558
2215
2543
3946
2665
2689
1186
2497
3361
3279
3219
6104
2432
1695
1589
2162
1574
1430
1219
1735
1653
1731
1000
1395
1719
1855
1713
2745
1633
1342
1343
2022
1205
575
886
1451
1406
1621
1429
1341
781
1217
1308
1862
1651
1322
821
1547
1740
1965
1385
1841
1805
2418
952
1684
1071
1537
909
2021
1367
836
576
1250
1574
1345
974
1394
2176
1689
1103
1611
1393
1764
1519
2582
2058
1373
1710
1629
1606
1275
1226
1266
1212
1122
1063
953
1635
1166
1486
1851
2681
1623
1831
2276
3020
1751
2736
2343
2533
2380
1104
1711
1382
1707
2289
2719
1838
1043
1203
2140
3389
2061
3379
2514
1805
1984
1340
2031
2165
1613
2418
2064
1623
1099
836
1813
2716
1483
1686
1861
1819
1328
1500
1240
2189
1802
1968
3186
3098
1293
1084
2248
1487
892
732
1501
1014
932
331
978
1421
1204
1017
2154
3315
1491
1553
2470
2676
1340
1749
3132
2353
2238
1820
2098
2062
1494
1886
2989
4074
2184
1636
3571
3351
2135
2578
3969
2000
2197
1353
2169
2403
1782
2013
3708
2699
1609
1459
2998
3790
1797
2071
3399
3194
2450
1917
2999
4121
3392
2839
6035
3964
2051
2399
3146
2718
2098
2203
2515
3609
2441
2284
2404
2445
1945
2100
2686
3153
1929
2156
2389
3038
1416
2438
2495
3329
3065
2909
2305
1353
1059
1691
2559
2636
1210
1303
2198
2689
1670
2813
2183
2353
2173
1418
2094
1268
1132
1403
2050
3939
2330
2018
3524
2845
1651
2263
2251
4371
3006
2752
3164
2365
1993
2236
4331
2834
1961
1946
2193
1292
1658
1176
1392
2195
2092
1675
1559
1435
2367
1399
2422
3596
2513
4054
3807
2724
1693
2607
2402
3846
4854
3775
3722
1466
2214
2773
3905
2155
1532
1442
2090
3038
2765
2646
3170
2533
3548
1958
2548
1082
2028
1205
2259
2481
1675
971
2391
2604
1598
1885
1905
3677
2631
2805
2567
2167
2730
2479
3883
2209
1360
1402
1678
1453
733
1326
1204
1669
1238
1128
1112
1576
1264
1366
1913
3568
2277
2481
3357
3111
1601
2412
2703
3846
3492
3683
3346
1573
1844
2398
3098
1672
916
1013
1740
2117
1309
2174
1742
1406
1408
823
1479
1090
1507
1342
1844
2447
1496
1207
2359
2711
836
1895
1535
3140
2140
2423
2293
1509
1626
2044
2757
2938
1651
1641
2614
1612
1176
766
1970
1760
1410
1213
1851
1601
1801
1452
3025
3500
2008
2824
3579
2622
1243
1702
2070
3329
3090
2784
3050
1968
1433
2657
3065
2888
1668
1385
2678
1690
1911
1748
2275
1904
1782
1222
2363
1583
1554
1125
2130
3367
1971
1559
3198
3373
1931
2006
2761
3600
2710
2194
2877
3127
2861
2940
4869
6380
2879
3904
5606
2613
1375
1585
2824
2156
1530
1130
2268
4201
2417
3170
5278
3503
1731
2025
3042
1996
1098
1632
2131
1760
1365
1189
1304
2452
1300
2334
3415
1366
602
851
1343
1890
941
1071
2034
1014
672
684
1381
1690
825
1373
2428
4212
2071
2117
4589
3476
1842
1953
3193
2575
1557
1520
1978
3799
2362
2985
5669
3230
2300
2202
3040
1092
1670
1116
1399
1446
2110
1338
1240
1868
2506
1459
2701
2826
2248
3045
3462
1591
1293
1321
1588
1669
2001
1865
1892
1863
1977
2710
4259
2070
1848
753
2676
1355
2176
1531
2005
1212
2100
892
1676
1553
2060
1233
2377
3239
1793
1468
3013
1860
1825
1259
2103
2232
2376
1898
2226
2616
3245
2616
5545
4673
2628
2310
3721
2330
2340
2218
1958
1446
1829
1166
1600
3755
1629
3523
4405
4025
2311
1872
3967
3397
1949
2701
2407
2195
2958
2194
2470
2509
2996
4789
4738
3768
1806
2486
4038
2881
2217
3550
2997
1653
1657
1158
1870
2727
2441
3330
3739
3419
1940
2076
3569
2437
1659
1755
1993
1913
1757
1424
2065
2964
3065
3429
5167
4542
2605
1461
4055
2040
2131
1314
2249
2156
2396
1206
1819
3260
3155
1935
4130
7706
3582
4073
6762
4613
2325
2819
3579
3609
3150
2719
3554
4994
3838
5091
9470
5353
2418
2875
5334
3227
3159
2456
4107
2544
2607
1574
2994
3782
2739
2461
5564
8773
4334
4911
8233
6171
3364
3258
6276
5735
4009
3250
5353
8934
6112
7101
13907
11688
5145
4812
8503
5221
2776
2897
4138
6171
4031
3061
4346
6091
5576
4758
7635
5671
2560
3435
3825
3640
1711
2113
2844
3373
2993
2518
3264
2354
2713
3337
4197
9553
2825
3480
6265
4794
3360
3476
4716
3790
3371
2076
4100
3793
3081
2833
5386
5756
4158
2562
7008
4581
2461
2313
3552
4134
3298
3823
3469
5829
3169
3949
7501
4338
2584
2504
3624
1874
2128
1274
1767
2437
2558
1634
2106
2390
2749
2165
3781
3505
2592
3372
3448
1900
1107
1897
1560
2711
2973
2188
2772
1427
1847
2830
3433
3548
2480
2119
3764
2421
2682
2112
2845
2716
3374
2090
3280
1782
1638
1750
3131
2185
1803
834
2655
1765
1177
1063
1574
2633
2021
2510
1994
2723
2939
2249
3986
4126
2103
2376
2730
1656
830
1101
1210
1860
1390
1070
1510
2417
1182
1998
3158
4219
1749
3250
2798
2758
946
1923
2173
2604
2684
2061
2491
1950
961
2853
3623
2941
1446
1891
2551
1770
1449
1745
1926
1574
1430
1140
1638
1718
1433
2187
2483
2584
1839
1177
3087
1765
921
998
1434
2204
1491
2115
1653
3056
2644
2448
4398
8774
4269
3947
6375
3842
3037
1955
3595
3476
3329
1723
3698
4764
3817
3637
7777
2965
2043
2388
2358
2626
1369
2175
1765
2845
3204
2164
2612
1732
1950
2410
2758
9771
4440
4087
8038
4515
3692
3593
4788
4558
4499
2177
4972
4392
3727
3326
6393
4986
3814
2021
5929
4581
2289
2166
3947
5799
4294
3587
4032
7678
6338
5030
10238
5777
2760
2927
4528
3836
1969
2029
3018
3227
2404
1963
2646
3801
2874
3105
4378
2459
1023
1684
1642
3072
1209
1936
2335
1690
1443
1350
1426
1603
1232
1675
2157
4327
2121
2136
3591
4161
2427
2780
2941
3351
2916
1976
3373
2541
1681
1733
3122
2768
1883
1587
3248
4515
2082
2181
3384
2251
1273
2144
1995
3672
2412
2697
4585
3361
2696
2379
3140
2092
2791
1925
2315
2881
4042
1746
3401
2686
3599
2333
4790
1802
1523
1808
2117
1737
1135
1445
1379
2117
2371
2090
2230
874
1569
2272
2419
3257
2670
2205
3551
2703
4578
2829
3464
3389
2733
2622
3494
1995
3691
2174
3887
1622
1234
703
1990
1770
1584
1631
1692
2863
2607
2035
2442
1804
2726
2378
3775
2666
1698
1778
2180
1736
1536
1601
1546
1355
1629
1295
1231
2153
1752
2383
3059
2608
1700
2780
2391
3775
2003
3586
2681
3038
2961
2953
2114
1660
2680
3437
3672
2677
1506
1574
2654
2703
2520
3418
2426
1740
2191
1316
2065
2136
2022
2225
2859
2086
1192
1051
2010
2421
1486
1974
1849
2600
1645
1857
1527
2151
2586
2175
3460
4773
2398
2116
3872
2382
1586
1172
2658
1890
1015
988
1831
2505
2576
1898
3800
4127
1951
2584
3354
2940
1347
1704
2628
2689
2636
2156
2532
2212
1771
2427
3720
6582
3920
2401
6130
4161
3425
3620
5676
4274
4919
2294
4626
3606
2875
2258
5340
3046
2330
1451
3936
4794
2400
2562
5110
4103
3101
3017
4091
5439
4331
3815
7538
6045
3082
3883
4718
3810
1650
2577
2801
4613
2912
2511
3087
3872
2365
3534
4035
3281
1615
2298
2136
1541
871
1237
1283
2622
2178
2056
1806
1524
1016
1840
2400
4589
1584
2060
3348
2940
1646
2143
2296
2676
1959
1421
2225
2143
1256
1685
2771
4573
2144
2098
4641
2626
816
1926
1660
3835
2805
2771
2398
4253
2654
3573
5148
4683
3314
3467
3830
2453
1863
1930
2052
3397
2887
2412
2264
2352
3149
2335
3808
2236
1662
2238
1978
1573
1205
1837
1331
3111
3138
2761
2556
947
1912
2912
2675
4087
3006
2577
4300
3775
1838
3369
3856
3020
4442
2572
3695
2364
2682
2746
4169
3052
1999
1320
2844
2758
1586
1916
2135
4266
3098
3779
2646
2750
3154
3035
4589
3144
1590
2319
1992
1534
654
1426
1136
1591
1535
1373
1178
2356
932
2318
2567
2489
1105
1746
1909
1573
461
1546
1271
2724
2100
2375
2084
1720
998
2117
2623
2078
830
1346
2086
1737
894
1665
1596
1205
1301
542
1071
1330
984
1613
1899
2235
1079
1402
2045
1900
522
1288
1313
2058
1599
2039
1745
2299
1519
1996
2497
5277
2252
2679
4008
2511
1083
1592
2473
1996
1799
1218
2102
2776
2908
2542
4432
4246
1915
3587
3169
1541
817
1134
1385
3038
2453
2245
2562
1784
1267
2698
2862
4387
2539
2384
4681
3072
2308
2670
3666
3574
3739
2311
4205
3061
2305
2395
4190
3436
2420
1720
4022
3640
1777
2563
3320
3757
2898
2954
2983
4446
3467
3840
5558
5586
2351
2854
4848
2880
1865
1718
3034
2040
1885
1285
2815
4167
3253
2885
4910
2515
1208
1673
1938
2511
1044
1767
1865
1612
1500
1435
1685
1519
1883
2038
3451
3423
1580
1912
3386
2382
1887
1682
2832
1487
1506
1017
2244
2566
1924
1593
3236
3948
1899
1748
4151
3842
1811
1920
3705
2637
1802
1919
2380
3901
3902
3260
6739
3410
2057
1667
3230
1514
2199
1528
1897
2330
2947
1928
2140
3345
3227
2118
4382
2302
1912
2421
2695
1534
811
1110
1148
1453
1752
1816
1880
1151
1598
2039
2460
2785
1671
1923
3247
1736
2815
2020
2516
1606
2802
1537
2464
1993
2489
1494
3063
2444
1503
1017
2336
1656
1604
1141
1718
2214
2305
1859
2250
2182
2631
2373
4991
3150
1481
2064
2795
1514
1273
1302
1610
1092
1300
1049
1335
2529
1313
2626
3575
2049
734
2001
2024
2453
952
2012
1758
1292
1534
1473
1518
1547
1523
2517
3030
2572
1491
1474
2443
2092
1431
1899
2164
1574
1365
1253
1490
1687
1599
2283
2723
2138
1371
1413
2828
1874
1073
1315
1627
1435
1206
1475
1520
2434
2066
2320
3769
6839
2864
2864
5292
2880
2123
1638
3110
2613
2279
1406
2247
3871
3699
2043
5603
4953
2403
3665
4471
3810
1794
2351
3233
2718
2598
2292
2877
2808
2780
3675
5709
6205
3141
3210
6347
3836
3042
2718
4982
2733
2988
1663
3839
4326
3030
2764
6821
5374
3025
2635
5646
5221
2927
2512
6083
4857
3481
3276
4659
7472
5556
5130
10994
15278
7109
8462
9212
5374
3941
3535
4270
8773
5494
4632
4800
8941
7315
6093
9689
6072
3391
3744
4653
3436
2443
2289
2442
3367
2752
2663
2423
3693
3338
4110
5909
5228
2092
2462
2882
3046
2222
2216
2276
2699
1956
1379
1923
3238
2630
2637
4622
9296
4190
4825
7267
4986
3677
2735
3981
6189
4540
3760
4739
6458
6469
5745
10630
6171
3564
3785
3727
2138
2404
1301
1707
3419
2849
2362
2519
2745
3294
2041
4349
4291
2596
3372
3956
2235
1459
1532
1525
2447
2542
2167
2969
3074
2367
3001
4412
2855
1797
1724
2468
2086
2038
1222
2189
1623
1727
1271
2109
1511
1657
1637
2838
4031
2723
1961
3433
2584
1912
1140
1960
3516
2647
2918
2876
3555
3888
3438
6271
7684
2778
4548
3596
2444
1420
1662
1442
3239
1814
1917
1892
5276
1599
3832
4175
4977
2075
2967
3140
3052
1382
1483
1604
2481
1690
1559
2106
3437
2053
3350
4797
2665
961
2077
2020
1622
528
1235
1204
1367
841
887
1500
2783
1212
2491
2652
4031
1692
2590
2711
2185
1137
1202
1287
2780
1676
1517
1977
3690
2471
3616
4739
9003
4098
3888
6014
3948
2636
1850
3081
4212
2853
1811
3274
6724
5028
3987
8687
9188
3878
4957
5343
4573
2376
2551
2688
3939
3069
2441
3221
5633
3665
4672
6852
5740
3000
2511
4168
2768
2183
1673
2692
3546
2404
1745
2670
2764
2232
1878
4113
9296
4863
4490
7939
5756
3553
2435
4180
6534
3731
3628
4467
8756
6564
5793
13656
9513
4800
5247
7056
6205
3502
3246
4921
5353
3974
3139
4094
6938
5224
4974
7443
3214
1813
1975
2488
4387
2195
3308
3729
2888
2925
2189
2417
2769
2144
2877
4002
5016
2273
2255
3789
6582
3498
4092
4879
4074
3359
2742
3637
3408
2553
2870
4584
5740
2838
2911
5961
9771
3762
4787
7104
3967
2936
3226
3390
6431
4498
4660
9312
4653
2950
2942
3860
2572
2888
1945
2692
3768
4251
2217
3733
3807
4439
2899
5875
2622
1917
1685
2821
2078
1191
1710
1726
1672
2172
2103
2155
1393
1679
2102
2576
2076
1469
1134
1970
2677
2890
2020
2655
1838
3407
1860
2706
1834
2501
1827
3179
2665
1449
1045
1846
2941
3122
2516
2983
3824
3803
2199
3352
2843
3442
3199
5521
3005
1989
2169
2478
2785
2141
2700
2048
2070
2360
2132
1806
3871
1957
3440
4056
2762
1450
1904
2205
4087
2327
3880
3041
2155
2723
2670
1867
2336
1990
2878
3593
2076
1171
1382
2141
3257
2299
3183
2739
1651
1912
1414
2133
2520
1737
2629
2725
2855
1434
1578
2371
3548
2072
2968
2928
2752
2045
2030
1916
3369
2990
3231
4630
7018
3115
2502
5971
3423
1997
1577
3329
1366
2007
1270
2347
4655
3451
2469
5492
4212
1831
2215
3078
4589
2049
2543
4223
2636
2370
1984
2736
3656
2576
3331
5582
5016
2957
1996
4915
4327
3276
3038
5687
4470
4009
2166
4552
4155
2614
2382
5744
5228
2928
3305
5241
9553
5179
4975
10351
6307
4483
3510
5917
10899
7121
7145
15958
9860
4482
5193
7461
4953
3021
3527
3988
7706
4587
3719
4812
6646
4209
4362
7108
3443
1824
2141
2955
4246
1984
2603
3062
3500
2535
2699
2253
2319
1751
2500
3614
4212
1563
1989
3008
4127
2554
3164
3336
3315
2167
1973
2702
2932
1789
2320
4344
9188
4852
4654
7703
2965
2115
2652
2890
9408
4877
4887
5976
5668
4330
5886
10619
5143
2933
3173
4099
2049
2239
1400
2051
4025
3315
3245
2951
3507
3796
2316
4999
4165
2851
3511
4767
2489
1848
2406
2533
3568
3887
3235
3648
1794
1912
2796
3464
2762
1707
1635
2830
2608
3006
2022
3452
2681
2604
1952
2683
2139
2135
1969
3518
4977
2606
2046
3573
4219
2662
2375
3603
5920
4140
4075
4431
3863
4536
4616
7648
4831
2573
2882
4120
2302
1014
1500
1885
2826
1745
1874
2042
3700
1530
2266
4423
4165
1823
2215
3373
2236
1196
2201
2283
3596
2624
2995
3246
2455
1976
2767
3905
2622
1186
1420
2649
1802
970
1856
2094
1633
1327
1010
1861
1838
1300
1620
2555
4291
2117
1984
3916
3505
1007
2219
2692
3714
2887
3269
3348
3616
2886
3441
5469
5923
2936
2920
5469
2515
2197
1662
3019
3503
2643
1981
3059
4138
3562
2682
6338
3443
2083
2914
4609
3281
1493
1968
2723
3153
2544
2483
3052
2865
1905
2480
4418
3214
1789
1464
3475
2459
2166
1550
3027
2516
2068
1679
2592
2658
1975
1757
3877
6072
3147
3125
5638
5671
3768
3025
5723
7042
4661
4009
6300
6923
5912
5712
11720
15112
5723
8222
12557
6839
3567
3896
6656
4542
3360
2832
5094
10016
5531
6912
12060
5923
2253
3354
4110
5277
2275
3432
4664
2938
2355
2103
2481
4212
2632
3608
5909
7018
2628
3217
5906
4773
2609
2758
5367
3098
1642
1684
3819
4466
2098
3023
6127
9003
4377
4711
10285
8774
4335
4245
8301
4990
3072
3460
3999
10238
5926
6549
14268
8836
5237
4738
8183
3150
3853
2682
3879
4673
6008
3936
4377
6286
7873
4139
9001
4831
3179
3882
5835
3144
2225
2301
2691
2209
2890
2582
3088
2255
3461
3698
5084
3005
2289
1965
4301
2666
3386
2125
3235
2058
2822
2041
3005
2601
3151
2216
4923
7684
3630
2664
6137
4126
4568
2715
5378
5339
4980
4444
5322
6646
9915
6829
16147
8836
4578
5762
7442
3410
3163
2956
3104
3230
3501
2639
3636
8771
2594
7187
9058
5143
2312
3871
4666
4683
2548
3237
3107
2834
2706
2493
3043
4329
3783
4899
6527
4653
1823
2469
3972
3361
1837
3161
3289
2432
1694
1776
2295
3964
2564
3755
4947
6171
3020
3454
6072
4338
2717
3072
3947
3131
2846
2696
3473
6309
5545
6900
10828
15112
6985
5514
12452
5586
5150
2977
5669
6380
5084
3684
5743
10472
8449
5403
14549
9860
4232
6008
10048
6045
3447
3381
5151
3964
3477
2948
4562
7752
5668
6617
14985
9513
4069
4352
9219
5777
4493
3513
6922
4133
3518
2620
5047
7306
4828
4256
10883
15278
6731
7633
15816
11688
5756
5433
13615
9290
6550
4929
9589
16813
10670
9510
11425
