160751
84675
100410
122734
78853
49069
49014
60881
99728
69169
54582
63231
103027
79512
75410
99830
88450
41196
54153
60204
52802
29040
34138
40698
45348
43761
37746
38633
44323
40736
49886
66495
108107
41800
47277
68094
61068
44626
45180
56387
46770
43093
27866
47480
52667
37690
38889
66495
95645
57591
47499
90783
76734
45758
40622
57095
68856
51263
55593
52164
80899
60437
62452
99830
74522
49755
48876
53532
29866
36839
23265
26673
40634
43166
34286
31733
36666
48529
31961
52164
50363
38514
47204
46563
27537
19021
25896
23226
32419
39570
32037
33484
27542
32038
40447
47480
42721
33277
28195
40465
32077
41472
27689
37208
28150
40942
22548
33484
24347
28388
24904
38633
39301
29665
19046
39082
33815
25198
21843
29380
39468
35760
40545
31733
41414
50283
40809
63231
96526
48221
68844
57423
34227
26988
30823
25374
39315
33754
28760
29380
60102
26678
54565
57095
65293
36169
56581
47375
44930
27020
36565
32251
38449
46425
36447
37208
39815
34876
49176
56387
46751
24807
36860
35525
32856
27576
39311
32251
23154
26221
18966
23226
36342
29518
40955
40698
48853
28065
30722
43630
34111
21481
25744
25374
36148
27601
30727
26673
49848
43314
47396
60881
106536
52284
46243
76804
49569
38708
29128
43630
45900
39745
23223
39082
69148
62989
48567
90783
88675
47578
56897
65934
47923
28502
32905
35525
45040
45622
32570
40465
44065
38348
47932
68094
81307
44972
37153
65934
42682
40374
35086
47375
49020
47945
29318
46563
42142
36933
30066
60204
89491
50993
44493
76804
67568
41101
34964
57423
73551
53832
41702
53532
92505
76080
66470
122734
90453
50374
55273
66470
61645
39136
41273
47396
53198
49163
39916
40809
59954
50733
49474
62452
38266
22532
26971
30066
51489
26086
41237
40955
29907
33230
27338
24904
26181
24735
31346
38889
61306
32415
30315
47932
66109
42505
51537
49176
41124
42113
28103
40447
37597
28672
31346
49886
46087
30384
27487
48567
76968
37351
47544
54565
41144
33254
33819
31961
56658
46332
49474
75410
47993
37745
35240
41702
29541
40929
30200
30727
42320
55490
31138
40545
34349
49059
33819
55593
27746
23236
25903
29318
22179
14168
21852
18966
23583
31990
28536
22548
13972
21624
28103
27866
34970
30415
25466
32570
36037
50247
39199
36447
32989
46199
28536
32037
23321
36721
27338
37746
26045
19515
11837
23223
29322
29598
29719
28760
42080
44286
31138
34286
27223
43492
39916
54582
45791
36730
43084
34964
36163
33995
40664
25744
27517
36100
29719
21843
39846
35686
47544
40622
39705
27873
39095
35086
52500
35685
61860
39311
36002
50152
39199
27689
26528
35287
51537
45180
36044
23381
25533
32905
49243
40550
61860
36565
24670
34242
21852
25896
31407
30729
41237
34138
30753
21194
20878
29128
41732
28462
40664
30823
33263
28648
30200
23265
35007
40188
41273
49014
60235
28106
23982
44493
34659
24339
20878
30722
20165
18921
11837
19046
37201
35768
27487
47499
45495
23779
26477
37153
36742
20795
25533
36860
30595
30926
25466
28195
28934
24683
30315
47277
59612
38884
26477
56897
45178
38554
39095
56581
45836
50546
25903
47204
37466
31226
26971
54153
43509
29876
23982
46243
66901
41239
43084
68844
53164
45805
35240
48876
72779
58257
55273
100410
98148
50048
58257
76080
52139
34052
40188
43314
71887
54407
43492
50283
55709
38577
46332
60437
45416
24822
31226
36933
36703
19464
30729
29518
40925
35649
36721
28388
22551
17796
28672
37690
49612
20521
24683
38348
40783
27482
35287
34876
34667
29069
21624
32038
26968
17796
24735
40736
69046
38277
35768
62989
37366
23627
35686
26678
70530
48311
49059
48529
51386
38577
50733
79512
60183
45300
45805
53832
28418
36694
28648
27601
47480
51881
44286
35760
32686
48311
33254
51263
43056
36155
50546
47945
28843
22551
34242
26221
44790
56285
46199
40942
17716
29069
42113
43093
41869
35591
30926
45622
44042
47687
50152
46425
34090
56285
31990
39570
25803
35649
33230
43761
42154
29139
18921
39745
39045
29525
36100
33754
58792
51881
55490
43166
34521
54407
49163
69169
53357
34193
41239
41101
28083
15869
28462
21481
35610
29525
29598
25198
38116
23627
37351
45758
48875
29384
38554
40374
34072
20265
40550
27576
49960
47687
50247
41472
26153
27482
42505
44626
31602
16002
20795
28502
28894
20265
35685
27020
21425
22551
14168
19021
21094
19464
26086
29040
43952
23501
24339
38708
39562
15869
33995
26988
45306
36694
40929
36839
34422
34052
39136
49069
57530
33532
29876
50993
29645
23501
21194
28065
32280
29139
19515
29665
34782
38277
30384
57591
43434
28046
38884
44972
29704
16002
23381
24807
37285
35591
30415
33277
22674
20521
32415
41800
45320
28046
23779
47578
27936
29384
27873
36169
33493
36155
23236
38514
28096
24822
22532
41196
56728
33532
28106
52284
50552
34193
36730
48221
56650
45300
37745
49755
52727
50048
50374
84675
119215
52727
72779
92505
51374
34422
35007
49848
40460
34521
27223
41414
72838
51386
56658
80899
54552
28096
37466
42142
41649
21094
31407
36342
28481
25803
23321
24347
34040
26968
37597
52667
51992
22674
28934
44065
37460
26153
26528
39815
21387
17716
13972
27542
34040
22551
26181
44323
71096
34782
37201
69148
68016
38116
39846
60102
48821
32686
34349
36666
72838
55709
59954
103027
79873
56650
53164
73551
30011
45306
33263
36148
41532
58792
42080
39468
48821
70530
41144
68856
41515
33493
45836
49020
27648
21425
24670
23154
22632
34090
32989
28150
21387
34667
41124
46770
41010
37285
30595
45040
29598
49960
36002
38449
22632
44790
23583
32419
28481
40925
29907
45348
49319
32280
20165
45900
30719
35610
27517
39315
41532
47480
42320
40634
40460
71887
53198
99728
86855
50552
66901
67568
39923
39562
41732
34111
30719
39045
29322
33815
68016
37366
76968
76734
51243
27936
45178
42682
46199
28894
49243
32856
29598
44042
36037
32077
37460
40783
66109
61068
55496
29704
36742
47923
46199
34072
52500
44930
27648
28843
22179
27537
41649
36703
51489
52802
48377
29645
34659
49569
39923
28083
36163
34227
30011
28418
29541
29866
51374
52139
61645
78853
112923
56728
43509
89491
48377
43952
30753
48853
49319
42154
26045
39301
71096
69046
46087
95645
85634
45320
59612
81307
55496
31602
36044
46751
41010
41869
34970
42721
51992
49612
61306
108107
85634
43434
45495
88675
51243
48875
39705
65293
41515
43056
27746
50363
54552
45416
38266
88450
112923
57530
60235
106536
86855
53357
45791
96526
79873
60183
47993
74522
119215
98148
90453
160751
